1100.0, 223, 196, 820.0, 311, 198
1099.0, 229, 190, 801.5, 316, 190
3798.5, 288, 206, 2095.0, 288, 270
3655.0, 294, 213, 2085.5, 293, 277
3659.0, 299, 214, 1418.0, 285, 278
3774.5, 301, 213, 2200.5, 304, 275
3790.0, 300, 209, 2173.0, 304, 271
3771.5, 297, 206, 2193.0, 301, 268
3801.5, 292, 205, 2227.5, 296, 267
3780.5, 287, 201, 2237.5, 291, 264
3768.0, 284, 194, 2212.0, 289, 256
3790.5, 281, 188, 2243.0, 286, 251
3763.0, 274, 184, 2247.0, 279, 246
3770.5, 270, 178, 2246.0, 274, 240
3871.0, 266, 175, 2294.5, 270, 238
3897.0, 265, 179, 2309.0, 270, 243
3816.0, 269, 178, 2261.0, 274, 241
3912.0, 267, 176, 2226.5, 271, 239
3955.5, 257, 178, 2289.0, 261, 242
3939.5, 261, 183, 2286.5, 265, 247
3898.5, 264, 183, 2285.5, 265, 246
3882.5, 259, 177, 2220.5, 261, 240
4009.5, 247, 176, 2355.0, 246, 240
4061.5, 239, 181, 2417.0, 238, 246
4075.5, 235, 189, 2447.5, 236, 255
4096.5, 232, 197, 2436.0, 232, 262
4046.5, 229, 201, 2432.5, 230, 266
4057.0, 231, 204, 2347.0, 234, 268
4034.0, 230, 204, 2330.5, 233, 268
4057.5, 230, 204, 2413.0, 232, 269
4107.5, 229, 207, 2448.0, 232, 272
4072.5, 230, 211, 2408.5, 233, 276
4056.5, 230, 211, 2414.5, 233, 276
4101.0, 230, 212, 2397.5, 234, 276
4107.5, 230, 213, 2417.5, 234, 278
4057.5, 230, 214, 2433.5, 235, 279
4101.5, 231, 213, 2414.5, 235, 278
4098.0, 230, 213, 2407.0, 234, 277
4062.5, 232, 212, 2410.0, 236, 277
4102.5, 232, 212, 2421.5, 236, 276
4081.0, 231, 210, 2397.0, 234, 274
4110.5, 229, 208, 2428.0, 232, 273
4075.5, 229, 208, 2441.0, 232, 272
4107.0, 229, 207, 2429.0, 232, 271
4134.5, 229, 208, 2463.0, 231, 273
4148.5, 228, 213, 2472.5, 230, 279
4171.5, 228, 220, 2508.0, 230, 286
4211.0, 224, 232, 2559.5, 225, 299
4140.5, 208, 234, 2520.5, 208, 299
4191.0, 205, 232, 2531.5, 208, 297
4180.0, 223, 232, 2486.5, 225, 298
4173.5, 230, 240, 2493.0, 229, 306
4113.0, 232, 242, 2449.5, 232, 307
4139.5, 237, 242, 2509.0, 236, 308
4149.5, 233, 245, 2531.0, 231, 311
4201.0, 229, 248, 2523.0, 227, 314
4241.5, 226, 252, 2582.5, 223, 319
4250.5, 220, 258, 2613.0, 216, 325
4289.5, 215, 263, 2640.0, 211, 330
4342.5, 210, 271, 2690.0, 205, 339
4308.5, 205, 279, 2655.0, 199, 346
4309.0, 192, 279, 2668.0, 184, 345
4407.0, 179, 278, 2723.0, 171, 346
4428.0, 169, 281, 2729.0, 160, 349
4474.5, 156, 281, 2742.0, 148, 348
4537.0, 143, 281, 2792.5, 134, 349
4605.5, 131, 282, 2840.5, 122, 351
4606.0, 125, 285, 2839.0, 117, 353
4641.5, 122, 286, 2783.0, 115, 355
4613.5, 122, 287, 2794.5, 115, 355
4621.5, 123, 288, 2798.5, 116, 356
4625.5, 127, 290, 2760.0, 119, 359
4647.0, 127, 295, 2723.0, 120, 363
4614.0, 131, 297, 2846.0, 121, 366
4495.0, 134, 300, 1565.0, 100, 368
4583.0, 138, 303, 1533.5, 101, 370
4458.5, 141, 306, 1744.0, 113, 373
4538.5, 149, 308, 2705.5, 142, 376
4486.5, 156, 308, 2724.0, 148, 376
4487.0, 159, 308, 2779.0, 150, 376
4446.0, 165, 308, 2728.5, 158, 376
4439.5, 170, 308, 2741.0, 164, 376
4414.5, 174, 308, 2728.5, 167, 376
4391.5, 177, 308, 2694.0, 171, 376
4374.5, 178, 307, 2689.0, 172, 375
4375.0, 178, 306, 2711.0, 171, 373
4381.5, 178, 305, 2682.0, 172, 373
4373.0, 179, 305, 2687.0, 173, 373
4377.0, 178, 304, 2772.0, 170, 371
4349.0, 178, 303, 2699.5, 172, 370
4365.5, 177, 302, 2678.5, 171, 369
4370.0, 176, 301, 2675.0, 170, 368
4365.0, 176, 300, 2687.5, 170, 367
4357.5, 175, 299, 2661.5, 169, 366
4360.0, 174, 298, 2682.5, 168, 365
4377.0, 172, 297, 2703.0, 165, 365
4362.0, 173, 297, 2674.0, 167, 364
4327.0, 178, 295, 2745.0, 170, 363
4314.0, 182, 293, 2647.0, 176, 360
4312.5, 188, 291, 2646.5, 182, 358
4294.0, 193, 291, 2627.5, 186, 357
4272.0, 196, 289, 2632.5, 189, 356
4258.5, 198, 286, 2603.5, 192, 352
4201.5, 198, 279, 2582.5, 191, 344
4235.0, 195, 272, 2586.0, 189, 338
4245.5, 195, 269, 2621.5, 188, 335
4237.0, 195, 264, 2594.5, 188, 330
4255.0, 191, 261, 2577.5, 185, 327
4258.5, 188, 259, 2592.0, 181, 325
4273.0, 185, 257, 2623.5, 178, 323
4296.0, 179, 256, 2634.5, 171, 322
4291.5, 175, 255, 2681.0, 166, 321
4325.5, 173, 252, 2643.0, 166, 318
4339.0, 172, 253, 2651.0, 165, 319
4347.5, 169, 255, 2654.0, 162, 322
4354.5, 167, 257, 2663.5, 160, 323
4370.0, 167, 258, 2667.0, 160, 325
4356.0, 168, 260, 2633.5, 161, 327
4349.5, 169, 261, 2667.0, 162, 327
4339.5, 171, 261, 2648.5, 163, 327
4319.5, 170, 259, 2675.0, 163, 326
4336.5, 170, 259, 2686.5, 162, 326
4323.0, 169, 259, 2679.5, 162, 326
4341.5, 168, 259, 2645.5, 161, 325
4345.5, 169, 258, 2656.0, 161, 324
4344.5, 169, 258, 2662.5, 161, 324
4324.5, 171, 257, 2640.0, 163, 323
4309.0, 172, 255, 2620.0, 165, 321
4319.0, 173, 253, 2617.0, 165, 319
4326.0, 175, 252, 2627.0, 167, 318
4325.5, 175, 252, 2640.0, 167, 318
4324.0, 173, 252, 2644.5, 164, 318
4343.0, 170, 252, 2658.5, 162, 318
4358.5, 168, 253, 2639.5, 160, 319
4340.0, 168, 253, 2655.0, 159, 319
4346.0, 168, 252, 2664.0, 159, 318
4361.5, 167, 251, 2624.0, 158, 317
4351.0, 167, 250, 2601.0, 159, 316
4351.0, 167, 249, 2623.5, 159, 315
4366.5, 166, 248, 2639.0, 157, 314
4380.5, 166, 248, 2619.5, 158, 315
4396.5, 165, 250, 2727.5, 154, 316
4385.5, 165, 250, 2614.0, 158, 316
4357.0, 167, 249, 2688.5, 157, 316
4367.5, 167, 249, 2623.0, 158, 315
4362.0, 167, 248, 2613.0, 158, 314
4378.5, 167, 248, 2647.5, 158, 314
4392.0, 167, 249, 2636.5, 158, 315
4375.0, 166, 249, 2614.5, 157, 315
4366.5, 165, 248, 2723.5, 154, 314
4369.0, 165, 247, 2719.5, 154, 314
4396.0, 164, 247, 2721.0, 154, 313
4390.5, 164, 247, 2635.0, 156, 313
4388.5, 163, 247, 2582.0, 154, 313
4378.5, 163, 246, 2564.5, 154, 312
4394.5, 163, 246, 2639.5, 155, 312
4383.5, 163, 246, 2634.5, 155, 313
4410.0, 163, 247, 2652.5, 151, 314
4351.5, 163, 247, 2552.0, 154, 313
4385.5, 164, 247, 2593.0, 155, 313
4379.0, 164, 246, 2601.5, 156, 313
4379.0, 163, 246, 2607.5, 154, 312
4380.0, 163, 245, 2607.5, 154, 311
4384.5, 164, 245, 2715.5, 154, 312
4366.5, 164, 245, 2681.5, 153, 312
4389.5, 165, 246, 2668.0, 153, 312
4333.5, 164, 245, 2547.0, 154, 311
4333.0, 163, 245, 2623.5, 154, 311
4375.0, 164, 246, 2536.5, 154, 312
4344.5, 163, 246, 2589.5, 154, 312
4347.0, 163, 245, 2555.0, 153, 312
4387.5, 163, 246, 2580.5, 150, 313
4399.5, 162, 247, 2694.5, 151, 314
4383.5, 162, 247, 2608.0, 149, 313
4373.5, 163, 247, 2578.0, 150, 314
4361.0, 162, 247, 2646.5, 151, 313
4379.5, 163, 247, 2593.0, 150, 314
4391.5, 163, 248, 2637.5, 150, 314
4390.0, 162, 248, 2568.5, 149, 315
4374.5, 162, 249, 2540.0, 151, 315
4385.0, 162, 248, 2536.0, 151, 315
4389.0, 161, 248, 2589.5, 151, 314
4377.0, 161, 248, 2581.0, 151, 314
4395.5, 161, 248, 2642.0, 152, 315
4398.5, 162, 249, 2619.5, 149, 315
4395.0, 161, 248, 2515.0, 151, 314
4382.0, 161, 248, 2573.0, 152, 315
4385.5, 161, 249, 2638.0, 149, 315
4394.0, 161, 248, 2555.5, 151, 315
4383.5, 161, 249, 2575.5, 151, 315
4389.0, 161, 248, 2579.5, 151, 315
4388.5, 161, 249, 2511.0, 150, 315
4373.5, 161, 248, 2602.0, 152, 314
4362.0, 162, 248, 2667.0, 150, 314
4366.0, 162, 247, 2625.5, 150, 314
4386.5, 162, 247, 2657.5, 150, 313
4398.0, 163, 247, 2644.5, 151, 313
4394.5, 163, 247, 2609.5, 150, 313
4401.5, 162, 247, 2665.5, 150, 313
4397.5, 163, 247, 2654.5, 151, 314
4357.5, 162, 247, 2618.5, 150, 313
4378.0, 163, 246, 2614.5, 151, 313
4362.0, 163, 246, 2499.5, 152, 312
4348.0, 164, 246, 2538.0, 154, 312
4364.5, 165, 246, 2631.5, 153, 313
4384.0, 165, 246, 2695.5, 153, 313
4377.5, 165, 246, 2708.0, 154, 312
4382.5, 167, 245, 2656.5, 157, 312
4372.0, 166, 245, 2695.5, 154, 312
4366.5, 167, 245, 2680.0, 154, 312
4375.5, 165, 245, 2660.0, 153, 311
4403.0, 166, 246, 2719.5, 154, 312
4385.5, 166, 246, 2689.0, 153, 313
4381.5, 165, 246, 2649.0, 152, 313
4348.0, 165, 246, 2686.5, 153, 313
4376.5, 164, 245, 2652.5, 151, 312
4361.0, 163, 245, 2744.0, 152, 312
4377.5, 163, 246, 2720.0, 151, 312
4366.5, 163, 245, 2666.5, 150, 311
4372.5, 163, 245, 2674.5, 150, 312
4407.0, 163, 245, 2760.5, 151, 312
4383.5, 163, 245, 2742.5, 152, 311
4380.0, 163, 245, 2703.5, 152, 311
4408.0, 163, 244, 2732.5, 151, 310
4421.0, 162, 244, 2740.0, 151, 310
4404.5, 162, 244, 2640.0, 153, 310
4408.0, 161, 243, 2648.5, 152, 309
4420.0, 162, 243, 2742.0, 150, 309
4411.0, 160, 243, 2742.5, 149, 309
4415.0, 160, 242, 2747.0, 149, 309
4409.0, 161, 243, 2749.0, 149, 309
4415.5, 160, 243, 2753.0, 148, 309
4403.0, 160, 243, 2746.0, 148, 310
4407.0, 159, 243, 2722.0, 147, 309
4418.5, 158, 243, 2658.0, 149, 309
4374.5, 159, 243, 1773.5, 124, 307
4382.0, 158, 243, 2107.5, 131, 307
4427.5, 159, 243, 2040.0, 129, 307
3012.0, 155, 242, 535.0, 91, 309
3130.0, 157, 241, 561.5, 92, 309
1983.5, 130, 237, 967.0, 209, 252
3876.5, 156, 243, 669.0, 95, 308
3989.5, 157, 242, 657.5, 94, 309
4083.5, 157, 242, 635.0, 94, 308
4137.5, 158, 242, 899.5, 101, 307
4256.5, 159, 242, 1196.0, 117, 307
4326.5, 159, 242, 1916.5, 126, 306
4397.5, 160, 242, 1297.0, 122, 307
4246.5, 159, 242, 953.5, 105, 307
4297.5, 160, 242, 789.5, 99, 308
4326.5, 159, 242, 1805.5, 125, 306
4336.0, 159, 243, 1895.5, 127, 307
4334.5, 158, 242, 1643.0, 128, 307
2843.0, 155, 244, 593.0, 90, 310
2801.5, 152, 243, 541.0, 90, 311
4151.0, 156, 244, 891.0, 106, 308
4129.0, 155, 244, 998.5, 113, 308
4178.0, 156, 243, 694.5, 95, 309
1288.0, 115, 240, 878.0, 209, 253
2408.0, 153, 244, 511.0, 88, 311
3982.5, 155, 243, 594.5, 91, 310
3788.5, 155, 243, 573.0, 90, 309
3829.0, 156, 243, 603.5, 91, 310
4237.0, 158, 244, 1218.5, 117, 308
4273.5, 159, 243, 1043.5, 112, 307
4293.5, 159, 243, 1648.5, 120, 306
2437.0, 153, 244, 552.0, 90, 310
2731.5, 154, 243, 537.0, 90, 310
1064.5, 110, 242, 598.5, 213, 257
988.0, 108, 242, 606.0, 212, 257
3264.0, 155, 242, 572.5, 92, 309
3429.0, 156, 242, 610.0, 92, 309
3832.0, 156, 243, 614.0, 93, 309
1107.5, 112, 242, 740.5, 212, 253
1218.5, 118, 239, 687.0, 213, 253
1221.0, 117, 239, 841.5, 212, 252
1192.5, 116, 239, 786.5, 213, 253
1244.5, 117, 239, 841.5, 212, 252
1316.0, 118, 239, 792.5, 213, 252
911.5, 110, 243, 550.5, 216, 254
896.0, 111, 243, 501.5, 218, 256
950.5, 112, 242, 552.5, 217, 256
1021.5, 113, 242, 566.0, 217, 256
840.5, 112, 241, 520.5, 218, 256
980.5, 112, 243, 609.5, 216, 256
1321.5, 121, 240, 874.0, 212, 253
2403.5, 156, 244, 546.0, 93, 311
1615.0, 127, 240, 877.5, 212, 254
2734.0, 157, 245, 622.5, 96, 312
2864.0, 157, 245, 581.0, 94, 312
4208.0, 159, 246, 2184.0, 139, 312
3959.5, 157, 245, 1777.0, 124, 309
4117.0, 158, 245, 1700.5, 126, 308
4201.5, 158, 245, 1328.5, 119, 310
4177.0, 158, 244, 1495.0, 126, 309
4120.5, 158, 244, 1026.0, 109, 308
4121.0, 158, 244, 1784.5, 123, 308
4295.5, 159, 244, 899.0, 108, 307
4227.5, 160, 243, 1180.0, 120, 307
4144.0, 160, 243, 1220.0, 116, 307
4260.0, 160, 243, 835.0, 104, 309
4245.0, 160, 243, 1087.0, 111, 307
4009.0, 159, 242, 608.0, 102, 306
4055.0, 159, 242, 793.5, 102, 308
3958.5, 159, 243, 759.5, 101, 308
3992.0, 159, 243, 750.5, 98, 309
4410.0, 161, 244, 780.5, 100, 308
4183.0, 160, 243, 668.0, 97, 308
4229.5, 160, 243, 1187.0, 119, 307
4177.0, 160, 243, 1247.5, 122, 307
4261.5, 160, 243, 1292.0, 125, 308
4003.0, 158, 242, 732.5, 98, 308
4017.5, 158, 243, 1263.5, 122, 308
4092.0, 157, 243, 819.0, 102, 308
4403.0, 160, 244, 1075.0, 110, 307
3937.0, 157, 243, 860.0, 108, 306
4268.0, 159, 243, 1259.0, 123, 306
4256.5, 158, 243, 1264.5, 125, 307
4279.0, 158, 243, 1182.0, 124, 307
4280.5, 158, 243, 1227.0, 118, 308
4197.0, 157, 243, 1196.5, 118, 308
4223.5, 157, 243, 1305.0, 119, 308
4205.0, 156, 243, 1360.5, 122, 308
4018.0, 156, 243, 1688.0, 122, 307
4128.0, 155, 242, 857.0, 97, 307
4055.0, 155, 242, 691.0, 92, 309
4205.0, 156, 243, 1301.0, 121, 307
3952.5, 155, 242, 696.5, 94, 307
4359.5, 157, 243, 824.5, 97, 307
4413.0, 158, 243, 724.5, 95, 308
4264.0, 156, 243, 1299.0, 116, 307
4357.5, 158, 243, 1198.0, 116, 308
4176.5, 158, 242, 710.5, 96, 308
4348.0, 159, 242, 1347.5, 120, 307
4437.5, 159, 243, 1210.0, 118, 307
3987.0, 158, 242, 671.0, 95, 308
4190.5, 159, 242, 1295.0, 119, 306
4295.0, 160, 242, 1830.0, 125, 305
4390.0, 160, 242, 1249.5, 118, 306
4163.5, 159, 242, 1132.5, 119, 307
3836.5, 158, 242, 857.5, 110, 306
4348.0, 160, 243, 932.0, 102, 307
3838.5, 158, 242, 824.5, 99, 308
3998.0, 157, 243, 730.0, 98, 308
4105.5, 158, 244, 1226.5, 119, 309
4156.0, 159, 244, 1656.5, 122, 307
4043.0, 158, 244, 820.5, 107, 307
4109.5, 158, 244, 643.0, 97, 309
4044.5, 158, 243, 960.5, 108, 308
4044.0, 158, 243, 766.5, 100, 309
4108.5, 159, 243, 1404.0, 124, 308
4164.0, 159, 243, 1090.5, 115, 308
4092.5, 159, 242, 726.5, 99, 308
4147.0, 158, 242, 1722.5, 125, 306
4165.5, 159, 242, 1851.5, 125, 306
4236.0, 159, 242, 1052.0, 106, 307
4249.5, 159, 242, 1237.0, 120, 307
4233.5, 160, 243, 1119.5, 115, 307
3875.0, 157, 242, 777.5, 101, 309
4136.0, 158, 243, 1225.0, 119, 308
4068.0, 158, 243, 1254.0, 120, 308
4035.0, 158, 243, 1536.5, 121, 307
3926.0, 158, 243, 741.5, 97, 309
4220.0, 158, 244, 1068.0, 117, 308
3975.0, 157, 244, 615.0, 95, 309
4074.0, 158, 244, 750.0, 100, 309
4096.5, 158, 243, 1387.0, 121, 307
4011.5, 158, 243, 651.5, 95, 308
4203.5, 159, 243, 1002.0, 110, 307
4180.0, 159, 243, 1661.0, 125, 306
4147.5, 159, 243, 1142.0, 117, 307
4203.0, 159, 243, 682.0, 96, 308
4000.0, 159, 242, 655.5, 96, 307
3909.0, 157, 242, 756.5, 99, 307
4298.5, 159, 242, 1822.0, 126, 306
4209.5, 158, 242, 1790.0, 123, 306
4150.0, 158, 242, 1246.0, 119, 307
4025.0, 157, 242, 582.0, 91, 309
4070.5, 157, 242, 1197.5, 117, 307
4412.5, 159, 243, 1071.5, 109, 308
4124.0, 157, 242, 1342.0, 118, 307
4182.0, 158, 242, 701.0, 102, 306
4123.0, 157, 243, 1163.5, 113, 306
4164.0, 158, 243, 983.5, 107, 308
4184.5, 158, 242, 857.0, 105, 306
4133.0, 158, 242, 1798.0, 123, 306
4004.0, 157, 242, 898.5, 113, 307
3874.0, 156, 242, 676.0, 95, 307
4208.0, 157, 242, 1138.0, 114, 307
4155.0, 156, 242, 1777.0, 121, 305
4114.0, 156, 241, 1014.5, 110, 306
4120.5, 156, 241, 1345.5, 117, 306
4111.0, 157, 241, 1167.0, 113, 306
4336.5, 157, 242, 1329.0, 117, 306
4274.0, 157, 241, 1096.0, 116, 306
4379.5, 158, 241, 1844.0, 122, 305
4177.0, 156, 241, 1824.0, 123, 305
4108.0, 157, 240, 1764.0, 121, 304
4198.5, 157, 240, 1821.5, 123, 304
4193.5, 156, 240, 1361.0, 117, 305
4163.0, 156, 241, 1275.0, 116, 306
4200.0, 156, 241, 1889.0, 124, 305
4444.0, 157, 241, 1827.5, 121, 304
4060.0, 156, 240, 1169.0, 111, 306
4303.5, 157, 241, 1940.5, 125, 305
4227.0, 156, 241, 1893.0, 124, 305
3951.0, 155, 241, 1084.5, 112, 306
4093.5, 155, 241, 1638.0, 121, 304
4226.5, 155, 241, 1904.0, 123, 305
4181.0, 155, 241, 1800.5, 120, 304
4042.0, 154, 240, 1183.0, 114, 305
3993.5, 153, 241, 1099.0, 110, 306
4423.0, 155, 242, 1082.5, 106, 306
4077.5, 153, 241, 1006.5, 110, 306
4131.0, 153, 242, 1243.0, 111, 306
3998.0, 153, 241, 957.0, 107, 307
4084.0, 154, 241, 760.0, 95, 306
3887.0, 155, 242, 1088.0, 114, 306
4147.0, 155, 242, 1127.0, 108, 307
4352.0, 156, 242, 1066.0, 111, 307
4042.5, 155, 242, 632.0, 98, 308
4377.0, 157, 242, 1854.5, 124, 305
4185.5, 156, 241, 1223.5, 114, 306
4019.5, 156, 241, 1056.5, 111, 305
4256.0, 157, 241, 1848.5, 123, 305
4164.5, 156, 241, 1786.0, 121, 304
4312.0, 156, 241, 1426.0, 118, 305
4348.0, 156, 241, 1456.5, 127, 305
3916.5, 154, 240, 746.0, 101, 304
3955.5, 154, 241, 1684.0, 122, 304
4232.0, 156, 241, 1709.0, 122, 304
4113.0, 155, 241, 1014.0, 116, 305
4237.5, 156, 241, 1819.5, 121, 305
3981.5, 155, 241, 994.5, 107, 306
3977.5, 155, 241, 1071.5, 114, 306
4324.5, 156, 241, 1792.5, 121, 304
4150.5, 155, 241, 1128.0, 111, 306
4215.0, 156, 242, 1778.0, 120, 305
4261.0, 156, 242, 1285.5, 118, 307
4053.0, 155, 241, 892.5, 102, 305
3953.0, 154, 241, 985.5, 114, 304
4299.5, 156, 241, 1851.5, 122, 305
4221.0, 156, 241, 1697.5, 123, 304
4049.5, 155, 241, 1753.0, 120, 305
4256.5, 156, 242, 1694.5, 124, 305
4249.5, 156, 242, 1300.5, 124, 306
4266.0, 156, 241, 1749.5, 124, 304
4155.5, 155, 240, 1679.5, 122, 304
4259.5, 156, 241, 1310.5, 122, 306
4136.5, 154, 241, 830.5, 102, 305
4129.5, 155, 241, 1487.0, 123, 307
4303.5, 156, 241, 1870.0, 122, 305
3998.0, 154, 241, 1772.0, 120, 305
4186.0, 155, 241, 1339.5, 115, 306
3879.0, 154, 241, 762.0, 103, 304
4183.5, 155, 241, 1238.0, 115, 306
4016.0, 154, 241, 739.0, 95, 306
4156.5, 154, 241, 1796.5, 119, 305
3994.0, 154, 241, 756.0, 95, 306
4008.5, 154, 241, 1154.0, 111, 306
4409.0, 156, 242, 1245.5, 116, 306
4111.0, 154, 242, 723.0, 93, 306
4208.5, 154, 242, 1820.0, 119, 305
4254.5, 155, 242, 1001.0, 106, 305
4117.0, 154, 242, 937.5, 107, 308
4149.0, 154, 242, 1323.0, 113, 306
4203.5, 154, 242, 1202.5, 112, 307
4218.0, 155, 242, 802.0, 93, 307
3992.0, 153, 242, 596.5, 88, 308
4311.0, 155, 242, 1246.5, 112, 307
4015.5, 153, 242, 734.0, 98, 306
3971.5, 153, 242, 837.0, 95, 307
3899.5, 153, 242, 601.0, 87, 309
4155.0, 155, 242, 810.0, 94, 307
4336.0, 156, 243, 1464.0, 118, 307
3955.0, 153, 242, 720.5, 93, 306
4104.0, 154, 242, 1329.5, 113, 306
4148.0, 154, 242, 676.5, 90, 307
4223.5, 154, 242, 1265.5, 115, 307
4163.0, 154, 242, 1794.0, 119, 306
4258.5, 155, 242, 1753.5, 118, 305
4218.0, 155, 242, 1811.0, 120, 305
3994.0, 153, 241, 689.5, 92, 306
4148.0, 153, 241, 864.5, 94, 306
4126.5, 151, 241, 931.5, 101, 304
4294.5, 153, 241, 1326.5, 119, 306
4060.0, 151, 241, 1168.5, 109, 306
4262.5, 144, 240, 1883.0, 108, 304
3333.5, 103, 237, 647.5, 23, 311
1887.5, 27, 279, 555.0, 13, 367
945.5, 356, 346, 503.5, 271, 462
605.5, 136, 297, 545.0, 169, 263
8681.0, 556, 371, 1546.0, 479, 78
5926.5, 600, 380, 1679.5, 590, 69
1018.5, 542, 379, 549.0, 349, 440
1014.0, 542, 383, 544.5, 350, 443
1073.0, 530, 389, 724.5, 627, 457
1054.0, 532, 402, 586.0, 621, 468
834.5, 524, 408, 671.0, 615, 469
953.5, 615, 466, 607.5, 487, 411
938.5, 526, 400, 802.0, 616, 467
899.5, 520, 400, 819.5, 616, 467
796.5, 509, 405, 771.5, 618, 467
794.0, 505, 407, 758.0, 617, 467
829.0, 512, 404, 771.5, 618, 467
738.5, 618, 467, 652.5, 494, 411
757.5, 618, 467, 562.0, 486, 414
759.5, 618, 467, 585.0, 487, 413
799.0, 510, 405, 742.5, 618, 467
793.5, 509, 405, 750.0, 618, 467
737.5, 618, 467, 576.0, 487, 413
707.5, 619, 467, 593.5, 488, 413
718.5, 500, 408, 714.0, 619, 467
638.0, 619, 468, 560.0, 485, 413
665.0, 619, 468, 654.5, 494, 410
732.5, 505, 406, 713.5, 619, 467
709.0, 618, 467, 596.0, 488, 412
610.0, 620, 468, 571.5, 484, 414
777.5, 502, 407, 652.5, 620, 467
766.0, 503, 406, 653.0, 620, 468
703.5, 619, 467, 595.5, 484, 414
850.5, 511, 403, 717.5, 619, 467
718.5, 619, 467, 601.5, 486, 413
820.0, 506, 405, 729.0, 619, 467
712.5, 619, 467, 607.5, 485, 413
792.0, 503, 406, 735.5, 619, 467
745.0, 618, 467, 624.5, 486, 413
748.0, 618, 467, 626.0, 486, 412
750.5, 618, 467, 622.5, 486, 412
924.5, 520, 399, 751.5, 618, 467
839.0, 507, 405, 759.5, 618, 467
884.0, 511, 403, 747.5, 619, 467
760.0, 618, 467, 671.0, 490, 411
866.0, 510, 403, 760.0, 618, 467
761.5, 618, 467, 626.5, 486, 412
836.5, 509, 403, 788.0, 618, 467
776.5, 618, 467, 763.0, 499, 408
786.5, 618, 467, 607.0, 485, 413
863.0, 510, 403, 783.5, 618, 467
787.5, 503, 406, 783.0, 618, 467
778.0, 618, 467, 734.0, 496, 408
866.5, 511, 402, 785.5, 618, 467
807.5, 505, 405, 801.5, 617, 467
792.5, 618, 467, 783.0, 504, 405
773.0, 618, 467, 640.5, 487, 412
740.5, 618, 467, 608.0, 486, 412
839.0, 508, 404, 720.5, 619, 467
727.5, 619, 467, 633.5, 487, 412
856.0, 510, 403, 751.0, 619, 467
884.5, 512, 402, 772.0, 618, 467
774.0, 618, 467, 636.0, 487, 411
761.0, 618, 467, 618.0, 486, 412
756.0, 619, 467, 756.0, 499, 407
783.5, 501, 406, 737.0, 619, 467
759.5, 618, 467, 639.5, 488, 411
783.5, 618, 467, 620.5, 484, 412
840.5, 506, 404, 779.0, 618, 467
888.0, 511, 402, 773.5, 618, 467
843.0, 506, 404, 758.0, 618, 467
769.5, 501, 406, 749.0, 619, 467
784.5, 502, 406, 753.0, 618, 467
793.5, 618, 467, 613.0, 485, 412
798.0, 618, 467, 645.5, 488, 411
841.5, 510, 402, 796.5, 618, 467
796.0, 618, 467, 778.0, 501, 406
776.5, 618, 467, 600.0, 483, 412
778.0, 618, 467, 617.5, 485, 412
798.0, 618, 467, 676.0, 491, 409
785.5, 618, 467, 588.5, 482, 412
801.5, 618, 467, 777.5, 500, 406
796.5, 618, 467, 605.5, 484, 412
839.5, 508, 403, 812.5, 617, 466
796.0, 618, 467, 580.5, 482, 412
817.5, 617, 467, 665.5, 488, 410
807.0, 503, 405, 803.0, 618, 467
835.5, 617, 466, 629.5, 485, 411
805.0, 503, 405, 778.5, 618, 467
914.0, 517, 399, 798.5, 618, 467
782.0, 618, 467, 606.0, 484, 412
778.0, 618, 467, 597.5, 483, 412
762.5, 619, 467, 629.5, 485, 411
777.0, 618, 467, 607.0, 484, 412
793.5, 618, 467, 587.0, 483, 412
780.0, 618, 467, 606.0, 484, 411
780.5, 502, 405, 758.5, 619, 467
868.0, 509, 402, 784.0, 618, 467
767.5, 618, 467, 607.5, 484, 411
783.0, 501, 405, 778.0, 618, 467
788.5, 618, 467, 602.5, 483, 412
941.0, 518, 398, 790.5, 618, 467
909.0, 518, 398, 805.5, 618, 467
798.5, 618, 467, 600.5, 483, 412
906.0, 517, 398, 806.0, 618, 467
959.0, 520, 397, 815.5, 618, 467
829.5, 507, 403, 801.5, 618, 467
804.0, 618, 467, 648.0, 486, 410
852.0, 509, 402, 808.0, 618, 467
817.5, 507, 402, 814.5, 618, 467
809.0, 618, 467, 612.0, 484, 411
809.0, 618, 467, 776.0, 501, 405
868.0, 511, 401, 807.5, 618, 467
788.5, 618, 467, 665.5, 487, 410
811.0, 618, 467, 604.0, 482, 411
830.0, 617, 467, 623.5, 485, 410
820.5, 618, 467, 775.0, 500, 405
983.0, 521, 396, 825.0, 617, 467
830.5, 617, 467, 603.5, 483, 411
822.0, 618, 467, 640.5, 486, 410
901.0, 511, 400, 833.5, 617, 466
965.0, 519, 397, 832.5, 617, 467
831.5, 617, 466, 644.5, 486, 410
1018.5, 522, 396, 844.5, 617, 466
831.5, 617, 466, 670.0, 487, 410
828.0, 505, 403, 826.5, 617, 466
836.5, 617, 466, 816.5, 502, 404
850.0, 510, 400, 823.0, 618, 466
980.5, 521, 396, 839.5, 617, 466
1002.0, 523, 395, 824.0, 618, 466
874.5, 507, 402, 823.5, 617, 466
827.5, 617, 466, 717.5, 495, 407
824.5, 617, 466, 612.0, 482, 411
883.5, 510, 400, 831.0, 617, 466
941.0, 514, 399, 837.5, 617, 466
833.0, 617, 466, 665.0, 486, 410
834.5, 617, 466, 603.5, 482, 411
844.5, 506, 402, 832.0, 617, 466
872.5, 508, 401, 849.5, 617, 466
838.0, 617, 466, 821.5, 504, 403
847.0, 617, 466, 613.0, 483, 411
837.0, 617, 466, 654.0, 487, 409
837.5, 617, 466, 608.0, 482, 411
861.0, 506, 402, 849.0, 617, 466
849.0, 617, 466, 848.5, 506, 402
929.5, 512, 399, 828.0, 617, 466
906.5, 508, 401, 851.0, 617, 466
962.0, 519, 396, 845.0, 617, 466
1056.0, 524, 394, 850.5, 617, 466
870.5, 617, 466, 630.5, 483, 410
844.5, 617, 466, 659.5, 485, 409
859.5, 617, 466, 670.0, 487, 409
860.0, 617, 466, 642.0, 484, 410
861.5, 617, 466, 649.0, 485, 409
894.0, 511, 399, 867.0, 617, 466
980.0, 521, 395, 862.5, 617, 466
871.0, 617, 466, 622.5, 484, 410
865.5, 617, 466, 650.5, 485, 409
896.5, 616, 466, 637.0, 483, 410
858.5, 617, 466, 848.5, 506, 401
962.0, 520, 395, 869.5, 617, 466
872.5, 617, 466, 593.0, 481, 410
870.5, 617, 466, 691.5, 489, 408
861.5, 617, 466, 854.5, 506, 401
887.0, 616, 466, 622.0, 481, 410
1006.5, 523, 394, 889.5, 616, 466
909.0, 615, 466, 899.0, 509, 400
987.0, 522, 394, 862.5, 617, 466
868.5, 617, 466, 817.5, 502, 403
916.5, 615, 466, 614.0, 482, 410
894.5, 616, 466, 615.0, 483, 410
962.5, 519, 395, 881.5, 616, 466
883.0, 617, 466, 829.5, 502, 403
878.5, 617, 466, 861.5, 504, 402
950.5, 518, 396, 880.5, 617, 466
874.5, 617, 466, 619.0, 483, 410
886.5, 616, 466, 639.5, 484, 409
871.5, 617, 466, 830.5, 504, 402
862.0, 617, 466, 838.0, 508, 400
874.5, 617, 466, 605.5, 481, 410
877.5, 617, 466, 648.5, 484, 409
872.5, 617, 466, 641.0, 485, 409
882.0, 616, 466, 841.5, 506, 401
880.0, 508, 400, 875.5, 617, 466
877.0, 617, 466, 649.0, 484, 409
883.5, 508, 400, 877.5, 617, 466
985.5, 521, 394, 883.5, 617, 466
878.5, 617, 466, 602.5, 481, 410
868.0, 617, 466, 679.5, 488, 408
886.0, 617, 466, 852.0, 506, 401
893.0, 616, 466, 661.0, 486, 408
881.0, 617, 466, 652.0, 485, 409
898.0, 616, 466, 656.5, 485, 409
985.5, 521, 394, 897.0, 616, 466
906.0, 616, 466, 829.0, 505, 401
1021.0, 522, 394, 884.0, 617, 466
885.0, 616, 466, 594.0, 481, 410
876.0, 617, 466, 620.5, 482, 410
969.0, 519, 395, 890.0, 616, 466
954.0, 518, 395, 874.5, 617, 466
892.0, 616, 466, 621.5, 482, 409
885.0, 617, 466, 843.0, 506, 400
873.5, 617, 466, 639.0, 484, 409
983.0, 520, 395, 892.5, 616, 466
1005.0, 521, 394, 886.5, 616, 466
890.0, 616, 466, 842.0, 505, 401
895.5, 616, 466, 643.0, 484, 409
907.0, 513, 398, 882.5, 617, 466
893.0, 616, 466, 646.0, 484, 409
914.0, 511, 398, 883.0, 617, 466
867.0, 505, 401, 864.0, 616, 466
1002.5, 522, 394, 894.0, 616, 466
1010.0, 520, 394, 883.5, 617, 466
1043.5, 523, 393, 908.5, 616, 466
877.0, 617, 466, 873.5, 508, 400
971.5, 520, 395, 900.0, 616, 466
999.0, 521, 394, 890.5, 616, 466
1014.0, 520, 394, 906.5, 616, 466
916.5, 616, 466, 660.0, 485, 408
896.0, 510, 399, 865.5, 617, 466
874.5, 617, 466, 627.5, 482, 409
855.5, 617, 466, 663.0, 485, 408
902.0, 511, 398, 876.0, 617, 466
997.0, 520, 394, 876.0, 617, 466
862.5, 617, 466, 805.5, 499, 403
915.0, 511, 398, 767.5, 618, 466
842.5, 503, 401, 794.0, 617, 467
979.5, 520, 394, 876.0, 617, 466
886.5, 617, 466, 765.5, 495, 405
989.0, 519, 395, 881.5, 617, 466
880.0, 617, 466, 621.0, 481, 409
988.5, 520, 394, 871.0, 617, 466
908.5, 508, 399, 844.0, 617, 466
889.0, 510, 399, 867.0, 617, 466
1009.5, 521, 394, 854.0, 617, 466
869.5, 506, 400, 856.0, 617, 466
890.5, 617, 466, 629.5, 482, 409
1009.5, 521, 394, 883.5, 617, 466
892.0, 508, 400, 890.5, 617, 466
910.5, 616, 466, 614.5, 481, 410
1038.0, 521, 393, 915.0, 616, 466
910.5, 616, 466, 880.0, 509, 399
1027.5, 521, 394, 911.5, 616, 466
884.0, 617, 466, 637.5, 483, 409
998.0, 521, 394, 886.5, 617, 466
986.5, 520, 394, 886.5, 617, 466
899.0, 616, 466, 672.0, 485, 408
917.0, 510, 398, 893.0, 616, 466
924.0, 510, 398, 890.5, 617, 466
933.5, 615, 466, 862.0, 502, 402
876.0, 617, 466, 664.0, 484, 408
1038.0, 521, 393, 871.5, 617, 466
1016.0, 520, 394, 900.5, 616, 466
1036.0, 521, 393, 888.5, 617, 466
935.0, 615, 466, 908.0, 508, 399
978.5, 518, 395, 913.5, 616, 466
866.5, 617, 466, 621.0, 480, 409
860.5, 617, 466, 849.0, 502, 402
1010.5, 519, 394, 847.5, 617, 466
900.0, 617, 466, 837.5, 507, 399
868.0, 617, 466, 627.0, 483, 408
860.5, 617, 466, 590.0, 481, 409
895.0, 617, 466, 781.5, 501, 402
881.0, 617, 466, 567.0, 479, 410
876.0, 617, 466, 539.5, 478, 410
867.5, 617, 466, 550.0, 479, 410
887.5, 617, 466, 557.5, 478, 410
857.0, 617, 466, 554.0, 478, 410
861.0, 617, 466, 562.0, 479, 410
854.5, 617, 466, 541.5, 478, 410
862.5, 617, 466, 525.0, 476, 411
869.5, 617, 466, 538.5, 478, 410
871.5, 617, 466, 526.5, 477, 410
871.0, 617, 466, 532.5, 477, 410
864.0, 617, 466, 505.5, 477, 410
884.5, 617, 466, 543.5, 477, 410
869.5, 617, 466, 538.5, 478, 410
874.5, 617, 466, 517.5, 476, 411
861.5, 617, 466, 534.5, 477, 410
878.0, 617, 466, 528.5, 476, 411
887.0, 617, 466, 527.5, 478, 410
885.5, 617, 466, 542.0, 478, 410
863.5, 617, 466, 528.0, 477, 410
859.5, 617, 466, 548.5, 477, 410
874.5, 617, 466, 559.5, 478, 410
847.5, 617, 466, 538.5, 477, 410
890.0, 617, 466, 525.5, 476, 410
860.0, 617, 466, 541.5, 478, 410
876.5, 617, 466, 590.0, 480, 409
881.5, 617, 466, 538.0, 478, 410
863.5, 617, 466, 551.5, 477, 410
877.5, 617, 466, 529.5, 477, 410
895.0, 617, 466, 530.0, 477, 410
882.0, 617, 466, 527.5, 478, 410
866.0, 617, 466, 535.5, 477, 410
865.0, 617, 466, 544.0, 477, 410
895.0, 617, 466, 529.0, 476, 410
891.0, 617, 466, 539.0, 477, 410
890.5, 617, 466, 541.0, 477, 410
886.0, 617, 466, 540.0, 478, 410
907.5, 616, 466, 550.0, 478, 410
873.0, 617, 466, 525.5, 477, 410
876.0, 617, 466, 553.0, 477, 410
882.0, 617, 466, 565.0, 477, 410
868.0, 617, 466, 576.0, 478, 410
888.0, 617, 466, 540.0, 478, 410
884.0, 617, 466, 542.0, 478, 410
872.5, 617, 466, 547.5, 477, 410
890.5, 617, 466, 549.5, 477, 410
870.0, 617, 466, 560.0, 478, 410
861.0, 617, 466, 539.0, 476, 410
898.0, 617, 466, 555.5, 477, 410
887.0, 617, 466, 552.0, 478, 410
887.5, 617, 466, 549.5, 478, 410
913.5, 616, 466, 537.5, 477, 410
881.0, 617, 466, 534.0, 477, 410
874.0, 617, 466, 529.5, 477, 410
881.0, 617, 466, 551.0, 477, 410
909.0, 616, 466, 549.0, 477, 410
900.5, 616, 466, 542.5, 477, 410
886.5, 617, 466, 592.0, 480, 409
894.5, 617, 466, 541.0, 477, 410
894.5, 617, 466, 563.0, 477, 410
917.5, 616, 466, 551.0, 477, 410
901.0, 617, 466, 541.5, 478, 410
917.0, 616, 466, 526.5, 477, 410
901.0, 616, 466, 543.0, 477, 410
902.5, 617, 466, 540.0, 477, 410
909.5, 616, 466, 540.0, 476, 410
913.5, 616, 466, 526.5, 476, 410
910.5, 616, 466, 542.5, 477, 410
888.0, 616, 466, 517.5, 476, 410
912.5, 616, 466, 525.5, 477, 410
918.5, 616, 466, 547.5, 478, 409
919.0, 616, 466, 531.0, 477, 410
915.0, 616, 466, 544.5, 478, 410
896.5, 616, 466, 546.5, 478, 410
900.0, 616, 466, 558.0, 478, 410
921.0, 616, 466, 583.5, 479, 409
903.0, 616, 466, 534.5, 477, 410
899.0, 617, 466, 555.0, 477, 410
905.5, 616, 466, 564.5, 479, 409
919.5, 616, 466, 559.5, 477, 410
912.0, 616, 466, 548.0, 476, 410
900.5, 616, 466, 587.5, 480, 409
912.5, 616, 466, 585.5, 478, 409
905.0, 616, 466, 579.0, 478, 409
896.0, 617, 466, 597.0, 479, 409
871.0, 616, 466, 579.0, 479, 409
902.0, 617, 466, 618.5, 481, 409
906.0, 616, 466, 601.5, 479, 409
913.0, 616, 466, 644.0, 483, 408
896.5, 617, 466, 601.0, 480, 409
896.5, 616, 466, 586.0, 478, 409
892.5, 617, 466, 564.5, 476, 410
912.5, 616, 466, 579.0, 479, 409
895.5, 616, 466, 553.5, 476, 410
904.5, 616, 466, 564.5, 477, 410
904.5, 616, 466, 592.5, 480, 409
905.5, 616, 466, 571.5, 477, 410
918.0, 616, 466, 570.0, 478, 409
914.5, 616, 466, 558.5, 477, 410
904.0, 616, 466, 562.5, 477, 409
904.5, 617, 466, 783.5, 499, 402
903.0, 616, 466, 599.0, 480, 408
897.5, 616, 466, 558.5, 477, 410
901.0, 616, 466, 566.0, 477, 410
912.5, 616, 466, 580.0, 477, 409
856.5, 617, 466, 562.5, 477, 409
913.5, 616, 466, 646.5, 484, 407
886.0, 617, 466, 602.5, 481, 408
897.5, 617, 466, 599.0, 479, 409
918.0, 616, 466, 618.5, 481, 408
919.5, 616, 466, 610.0, 480, 409
915.0, 616, 466, 594.0, 479, 409
898.5, 617, 466, 768.5, 499, 401
891.5, 617, 466, 587.0, 479, 409
935.0, 616, 466, 567.0, 477, 409
908.0, 616, 466, 581.5, 478, 409
920.0, 616, 466, 567.5, 477, 409
903.0, 616, 466, 610.5, 481, 408
931.0, 616, 466, 560.5, 478, 409
912.5, 616, 466, 592.0, 480, 409
887.5, 616, 466, 607.0, 481, 408
919.5, 616, 466, 638.0, 483, 408
915.0, 616, 466, 605.5, 481, 408
920.5, 515, 395, 894.0, 617, 466
914.0, 616, 466, 762.5, 495, 403
928.0, 616, 466, 605.0, 480, 408
914.5, 616, 466, 601.5, 480, 409
926.5, 616, 466, 612.5, 480, 408
922.5, 616, 466, 732.5, 493, 404
918.0, 616, 466, 583.0, 478, 409
906.5, 616, 466, 603.5, 480, 408
922.5, 616, 466, 584.5, 478, 409
927.0, 616, 466, 577.0, 478, 409
913.5, 616, 466, 589.5, 478, 409
928.0, 616, 466, 627.0, 483, 407
933.5, 616, 466, 562.5, 478, 409
930.0, 616, 466, 597.5, 480, 408
936.5, 616, 466, 583.0, 479, 409
948.5, 616, 466, 565.5, 478, 409
916.5, 616, 466, 592.0, 479, 409
921.0, 616, 466, 562.5, 477, 409
923.5, 616, 466, 543.5, 476, 410
909.5, 616, 466, 623.0, 482, 408
940.5, 616, 466, 571.5, 477, 409
934.5, 616, 466, 578.0, 478, 409
936.5, 616, 466, 716.0, 493, 403
951.5, 616, 466, 567.0, 478, 409
953.0, 616, 466, 565.5, 478, 409
929.5, 616, 466, 570.5, 478, 409
915.0, 616, 466, 579.5, 479, 409
938.0, 616, 466, 565.0, 477, 409
949.0, 616, 466, 584.5, 478, 409
920.0, 616, 466, 558.0, 477, 409
949.0, 616, 466, 622.5, 480, 408
940.0, 616, 466, 616.0, 480, 408
899.0, 513, 395, 887.5, 616, 466
921.0, 616, 466, 778.0, 497, 402
932.5, 616, 466, 645.5, 483, 407
920.0, 616, 466, 869.5, 505, 399
951.5, 616, 466, 776.5, 498, 402
943.5, 616, 466, 577.5, 478, 409
971.0, 615, 466, 592.5, 478, 409
960.0, 616, 466, 602.5, 479, 409
970.0, 615, 466, 592.5, 479, 408
971.5, 615, 466, 571.0, 478, 409
938.5, 616, 466, 827.5, 504, 399
957.5, 616, 466, 596.5, 479, 408
924.5, 616, 466, 600.5, 479, 409
941.0, 616, 466, 731.0, 492, 404
932.5, 616, 466, 631.0, 482, 408
921.0, 616, 466, 640.5, 482, 408
911.0, 616, 466, 778.5, 498, 401
910.5, 616, 466, 623.0, 482, 408
939.0, 616, 466, 611.0, 480, 408
957.0, 616, 466, 605.0, 480, 408
958.0, 616, 466, 739.5, 495, 402
963.5, 616, 466, 588.0, 477, 409
996.0, 614, 465, 580.0, 478, 409
969.0, 615, 466, 610.5, 480, 408
997.0, 614, 465, 567.0, 477, 409
987.5, 615, 466, 737.0, 494, 403
972.5, 615, 466, 617.0, 480, 408
1007.5, 614, 465, 618.5, 480, 408
962.0, 615, 466, 722.0, 491, 404
966.5, 615, 466, 553.0, 477, 409
996.5, 614, 465, 586.0, 478, 408
1003.0, 614, 465, 808.0, 502, 400
991.5, 615, 466, 798.0, 502, 400
1005.0, 614, 465, 614.5, 480, 408
987.5, 615, 465, 622.5, 480, 408
981.5, 518, 393, 972.0, 615, 466
978.0, 615, 466, 664.0, 483, 407
945.5, 616, 466, 871.5, 505, 398
966.5, 615, 465, 624.0, 480, 408
957.0, 616, 466, 770.0, 494, 403
849.5, 617, 466, 586.0, 479, 408
876.0, 617, 466, 581.5, 478, 408
864.0, 616, 466, 598.5, 477, 409
939.5, 616, 466, 574.0, 476, 409
952.0, 616, 466, 608.0, 481, 407
924.0, 616, 466, 567.0, 477, 409
920.0, 616, 466, 563.5, 477, 409
918.0, 616, 466, 563.5, 477, 409
818.5, 617, 466, 673.0, 485, 406
660.5, 617, 466, 548.5, 476, 409
758.0, 615, 466, 609.5, 481, 407
776.5, 617, 466, 550.5, 475, 409
936.5, 616, 466, 700.0, 493, 403
950.5, 615, 466, 595.0, 479, 408
953.5, 616, 466, 574.0, 477, 409
907.5, 616, 465, 585.5, 476, 409
850.0, 617, 466, 567.5, 476, 409
839.0, 617, 466, 615.5, 479, 408
943.0, 616, 466, 554.5, 476, 409
951.5, 616, 466, 699.0, 489, 404
925.5, 616, 466, 570.0, 477, 408
924.0, 616, 465, 585.0, 476, 409
926.0, 616, 466, 565.0, 476, 409
812.0, 617, 466, 579.5, 476, 409
840.5, 502, 399, 798.5, 617, 466
812.0, 499, 400, 794.5, 617, 466
834.5, 618, 466, 677.0, 485, 405
961.5, 615, 466, 622.5, 480, 407
941.5, 616, 466, 608.0, 478, 408
960.0, 616, 466, 635.0, 481, 407
992.5, 615, 466, 577.5, 476, 408
975.5, 615, 466, 569.0, 476, 409
995.5, 615, 465, 578.0, 476, 409
936.5, 616, 466, 572.5, 476, 409
889.0, 616, 466, 577.5, 476, 408
896.5, 617, 466, 570.0, 476, 408
967.5, 615, 465, 748.5, 493, 402
980.5, 615, 466, 568.0, 475, 409
989.0, 615, 466, 573.5, 476, 409
917.5, 616, 466, 561.0, 475, 409
901.0, 616, 466, 611.5, 479, 408
871.5, 617, 466, 569.5, 477, 408
978.5, 615, 466, 683.5, 485, 405
969.5, 615, 466, 604.0, 478, 408
972.0, 615, 466, 603.0, 478, 408
997.0, 615, 465, 589.0, 477, 408
990.0, 615, 465, 583.0, 476, 408
991.5, 615, 465, 562.5, 475, 408
1000.0, 615, 466, 532.0, 474, 409
1018.5, 614, 465, 589.5, 477, 408
1012.0, 615, 465, 591.5, 478, 408
934.0, 616, 466, 620.0, 479, 407
916.5, 616, 466, 592.0, 477, 408
930.0, 616, 466, 600.0, 478, 408
1007.5, 615, 465, 588.5, 477, 408
987.0, 615, 465, 598.0, 477, 408
997.5, 615, 465, 633.5, 479, 407
1022.0, 614, 465, 571.0, 476, 408
1031.0, 614, 465, 581.0, 476, 408
1006.0, 615, 465, 579.0, 475, 408
956.5, 616, 465, 786.0, 496, 401
946.0, 616, 466, 580.0, 475, 408
927.5, 616, 466, 669.0, 482, 406
983.0, 615, 465, 758.5, 496, 400
1009.5, 615, 465, 581.5, 476, 408
1006.5, 615, 465, 590.0, 475, 408
895.0, 616, 466, 560.5, 475, 408
895.0, 616, 466, 569.5, 474, 408
924.0, 616, 466, 593.5, 476, 408
1006.0, 615, 465, 551.0, 474, 408
1011.0, 615, 465, 594.5, 476, 408
1002.5, 615, 465, 577.0, 475, 408
925.5, 616, 466, 570.0, 475, 408
932.5, 615, 466, 570.0, 475, 408
945.0, 616, 466, 818.0, 501, 398
1000.5, 615, 465, 565.0, 474, 408
999.5, 615, 465, 743.5, 492, 402
1026.5, 614, 465, 608.5, 477, 407
1031.5, 614, 465, 568.0, 474, 408
1030.5, 614, 465, 625.0, 479, 407
1035.5, 614, 465, 632.0, 479, 407
1055.5, 614, 465, 590.0, 477, 407
1040.5, 614, 465, 589.0, 476, 408
1046.5, 614, 465, 585.5, 475, 408
1059.5, 614, 465, 648.0, 480, 406
1071.0, 613, 465, 944.5, 515, 392
1053.0, 614, 465, 1000.0, 516, 392
1008.0, 615, 465, 881.5, 504, 397
995.5, 615, 465, 635.5, 478, 407
1010.5, 614, 465, 605.5, 476, 407
1029.5, 614, 465, 812.0, 496, 400
1024.5, 614, 465, 771.5, 493, 402
1029.0, 614, 465, 603.0, 476, 407
1034.5, 614, 465, 872.0, 502, 398
1050.5, 614, 465, 898.0, 505, 396
1047.0, 614, 465, 648.0, 479, 406
1063.5, 613, 465, 812.5, 497, 399
1047.0, 614, 465, 905.0, 505, 396
1064.5, 613, 465, 1011.5, 518, 390
1059.5, 614, 465, 625.0, 476, 407
1055.5, 614, 465, 821.0, 495, 400
1054.0, 614, 465, 620.5, 476, 407
1069.0, 613, 465, 836.0, 498, 399
1060.0, 614, 465, 782.0, 492, 401
1058.5, 614, 465, 1031.0, 518, 390
1056.5, 614, 465, 630.5, 478, 406
1061.5, 613, 465, 836.5, 498, 399
1009.0, 614, 465, 606.5, 477, 407
1032.0, 614, 465, 677.5, 481, 405
1042.0, 614, 465, 598.5, 474, 407
1050.5, 614, 465, 570.0, 474, 407
1040.0, 614, 465, 800.0, 496, 399
1055.0, 614, 465, 818.0, 496, 399
1080.0, 613, 465, 601.5, 475, 407
1056.5, 614, 465, 615.0, 475, 407
1071.0, 613, 465, 639.5, 478, 406
1088.0, 613, 465, 742.0, 490, 402
1091.5, 613, 465, 798.5, 495, 400
1018.0, 614, 465, 653.5, 479, 406
993.0, 615, 466, 948.0, 512, 392
1040.5, 614, 465, 621.5, 476, 406
1059.0, 614, 465, 636.5, 477, 406
1040.5, 614, 465, 979.0, 513, 392
1044.0, 614, 465, 821.5, 496, 399
1097.5, 613, 465, 627.5, 475, 407
1100.0, 613, 465, 1032.5, 517, 390
1081.5, 613, 465, 857.5, 498, 398
1077.0, 519, 389, 1036.5, 614, 465
1061.0, 614, 465, 639.0, 476, 406
1090.5, 520, 388, 1056.5, 614, 465
1022.0, 614, 465, 654.5, 477, 406
1066.5, 519, 389, 1051.5, 614, 465
1077.5, 519, 389, 1028.5, 614, 465
1014.0, 614, 465, 947.5, 504, 395
1108.0, 520, 388, 965.5, 615, 465
957.5, 505, 395, 931.0, 616, 465
1091.0, 520, 388, 975.0, 615, 466
1105.0, 519, 388, 1013.0, 615, 465
1111.0, 521, 387, 968.0, 615, 465
1111.0, 519, 388, 1017.5, 614, 465
1140.0, 520, 388, 937.5, 615, 465
1093.5, 519, 388, 1089.0, 613, 465
1113.5, 613, 465, 1112.5, 520, 387
1156.5, 521, 387, 1050.5, 614, 465
1139.5, 520, 387, 1074.5, 613, 465
1118.5, 612, 465, 894.0, 500, 396
1125.5, 612, 465, 1061.0, 518, 388
1110.0, 613, 465, 821.0, 491, 400
1123.0, 520, 387, 1098.5, 613, 465
1072.0, 613, 465, 1057.5, 517, 388
1105.5, 519, 388, 1050.0, 614, 465
1038.5, 614, 465, 887.0, 499, 396
1033.0, 515, 389, 1009.5, 614, 465
1059.5, 614, 465, 630.0, 473, 406
1037.0, 614, 465, 907.5, 500, 395
1016.0, 515, 389, 1004.0, 614, 465
1054.5, 516, 388, 992.0, 615, 465
1040.0, 614, 465, 910.5, 501, 395
1094.0, 613, 465, 834.0, 497, 397
1107.5, 613, 465, 765.5, 488, 400
1068.5, 613, 465, 609.0, 472, 406
1046.5, 614, 465, 821.0, 494, 398
1012.5, 614, 465, 623.5, 475, 405
1038.0, 614, 465, 613.5, 472, 406
1114.0, 613, 465, 832.0, 496, 397
1062.5, 613, 465, 1001.0, 514, 389
1082.5, 613, 465, 783.5, 490, 399
1116.5, 613, 465, 811.0, 493, 398
1135.0, 612, 465, 600.0, 472, 406
1118.0, 612, 465, 772.0, 488, 400
1125.0, 612, 465, 624.5, 475, 405
1096.0, 613, 465, 945.0, 511, 390
1085.0, 613, 465, 811.0, 491, 399
1107.0, 613, 465, 620.0, 472, 406
1117.0, 612, 465, 590.5, 470, 406
1129.0, 612, 465, 631.0, 475, 405
1091.5, 613, 465, 626.0, 473, 405
1103.5, 613, 465, 611.0, 472, 406
1113.0, 612, 465, 981.5, 513, 389
1123.5, 612, 465, 839.0, 496, 397
1103.5, 613, 465, 598.5, 471, 406
1115.5, 612, 465, 606.0, 471, 406
1148.0, 612, 465, 636.0, 475, 404
1131.0, 612, 465, 615.0, 472, 405
1124.5, 612, 465, 629.0, 473, 405
1105.5, 613, 465, 846.5, 496, 396
1145.5, 612, 465, 582.0, 471, 406
1101.0, 613, 465, 615.5, 473, 405
1099.0, 613, 465, 597.5, 471, 406
1160.0, 612, 465, 744.0, 488, 400
1160.5, 612, 465, 625.5, 473, 405
1159.5, 612, 465, 868.0, 499, 395
1135.5, 612, 465, 824.0, 497, 396
1169.5, 612, 465, 579.5, 471, 406
1126.0, 612, 465, 596.0, 471, 406
1124.5, 612, 465, 864.0, 498, 395
1110.5, 612, 465, 601.0, 471, 406
1130.0, 612, 465, 782.5, 490, 399
1121.5, 612, 465, 820.5, 494, 397
1129.5, 612, 465, 857.5, 498, 396
1140.5, 612, 465, 946.0, 510, 390
1140.5, 612, 465, 875.0, 498, 395
1135.0, 612, 465, 601.0, 471, 406
1138.0, 612, 465, 602.5, 471, 406
1120.0, 612, 465, 951.0, 510, 390
1114.0, 613, 465, 612.5, 471, 406
1097.0, 613, 465, 646.5, 475, 404
1144.0, 612, 465, 603.5, 471, 405
1135.5, 612, 465, 684.5, 480, 403
1142.0, 612, 465, 997.0, 514, 388
1096.5, 613, 465, 630.5, 473, 405
1125.0, 612, 465, 781.0, 487, 400
1136.0, 612, 465, 998.0, 515, 388
1103.0, 613, 465, 619.5, 472, 405
1119.0, 612, 465, 637.0, 473, 405
1136.5, 612, 465, 820.5, 495, 397
1147.0, 612, 465, 834.0, 495, 397
1118.0, 612, 465, 860.0, 498, 395
1109.0, 612, 465, 750.5, 487, 400
1148.0, 612, 465, 693.0, 479, 403
1152.5, 612, 465, 939.0, 510, 390
1167.5, 611, 465, 956.0, 511, 389
1120.5, 612, 465, 827.0, 495, 397
1128.5, 612, 465, 968.0, 511, 389
1128.5, 612, 465, 947.0, 506, 392
1132.5, 612, 465, 809.5, 491, 398
1121.0, 612, 465, 714.0, 484, 401
1141.0, 612, 465, 874.0, 497, 396
1152.5, 612, 465, 969.0, 510, 390
1150.5, 612, 465, 625.5, 473, 405
1143.5, 612, 465, 943.0, 506, 392
1056.5, 613, 465, 601.0, 471, 405
1104.5, 612, 465, 834.5, 494, 397
1088.0, 613, 465, 987.5, 513, 389
1081.0, 613, 465, 651.5, 475, 404
1051.5, 613, 465, 1016.0, 514, 388
1053.0, 613, 465, 811.5, 493, 397
1092.0, 613, 465, 626.5, 472, 405
1123.5, 612, 465, 600.5, 470, 405
1142.0, 612, 465, 615.0, 470, 405
1159.0, 612, 465, 805.0, 493, 397
1152.0, 612, 465, 615.0, 472, 405
1116.0, 612, 465, 587.5, 470, 406
1124.0, 612, 465, 870.5, 499, 395
1077.0, 613, 465, 818.0, 493, 397
1079.0, 613, 465, 865.5, 496, 396
1132.5, 612, 465, 599.5, 470, 406
1133.5, 612, 465, 588.5, 469, 406
1160.5, 612, 465, 613.0, 471, 405
1122.5, 612, 465, 875.5, 497, 395
1135.5, 612, 465, 648.5, 474, 404
1167.5, 611, 465, 615.0, 471, 405
1118.0, 612, 465, 851.0, 495, 396
1120.5, 612, 465, 970.0, 512, 389
1096.5, 613, 465, 827.0, 494, 397
1066.5, 613, 465, 631.0, 472, 405
1061.0, 613, 465, 979.0, 512, 389
1032.0, 613, 465, 867.0, 496, 396
1033.0, 614, 465, 619.5, 470, 405
988.5, 614, 465, 626.0, 472, 405
1046.5, 613, 465, 600.5, 469, 406
1052.0, 613, 465, 887.5, 499, 395
1099.0, 612, 465, 862.0, 496, 396
1094.5, 613, 465, 988.5, 513, 388
1053.0, 613, 465, 985.0, 511, 389
1114.0, 612, 465, 665.0, 475, 404
1081.0, 613, 465, 757.5, 486, 400
1067.5, 613, 465, 871.0, 497, 395
1068.0, 613, 465, 617.0, 470, 405
1068.5, 613, 465, 610.0, 470, 405
1109.5, 612, 465, 884.5, 497, 395
1143.0, 612, 465, 618.5, 470, 405
1136.5, 612, 465, 612.0, 471, 405
1057.5, 613, 465, 614.5, 471, 405
1069.5, 613, 465, 915.0, 500, 394
1080.0, 613, 465, 837.0, 495, 396
1052.0, 613, 465, 852.0, 496, 395
1072.5, 613, 465, 860.5, 494, 396
1063.5, 613, 465, 913.5, 509, 390
1108.5, 612, 465, 992.0, 510, 389
1089.5, 612, 465, 824.5, 490, 398
1113.5, 612, 465, 1003.0, 511, 389
1079.0, 613, 465, 627.5, 472, 405
1102.5, 612, 465, 836.5, 494, 396
1117.5, 612, 465, 976.0, 508, 390
1089.5, 612, 465, 616.0, 470, 405
1100.0, 612, 465, 824.5, 490, 398
1096.0, 612, 465, 606.5, 470, 405
1132.0, 612, 465, 855.0, 494, 396
1183.5, 611, 465, 754.5, 486, 399
1144.5, 611, 465, 597.5, 469, 405
1149.5, 611, 465, 588.0, 467, 406
1131.0, 612, 465, 823.0, 492, 397
1139.0, 612, 465, 618.5, 470, 405
1151.0, 611, 465, 878.0, 495, 395
1126.0, 612, 465, 647.5, 472, 404
1123.0, 612, 465, 651.5, 473, 404
1159.5, 611, 465, 637.0, 471, 404
1140.0, 612, 465, 898.0, 497, 394
1152.0, 611, 465, 867.5, 494, 396
1168.5, 611, 465, 673.0, 475, 403
1138.5, 612, 465, 827.0, 492, 397
1140.5, 612, 465, 599.0, 468, 405
1134.0, 612, 465, 888.0, 496, 395
1123.5, 612, 465, 833.5, 488, 398
1106.5, 612, 465, 875.0, 497, 394
1128.0, 612, 465, 630.5, 470, 405
1109.5, 612, 465, 839.0, 490, 397
1091.5, 613, 465, 892.0, 496, 395
1074.0, 613, 465, 1012.0, 511, 388
1088.0, 613, 465, 825.0, 488, 398
1096.5, 612, 465, 987.5, 511, 388
1119.0, 612, 465, 603.0, 468, 405
1114.0, 612, 465, 862.0, 494, 396
1108.0, 612, 465, 649.0, 473, 404
1109.0, 612, 465, 596.0, 467, 405
1103.0, 612, 465, 736.5, 485, 399
1092.0, 612, 465, 600.5, 469, 405
1095.5, 612, 465, 593.5, 467, 405
1092.5, 612, 465, 913.5, 503, 392
1072.5, 613, 465, 595.0, 468, 405
1109.0, 612, 465, 592.5, 467, 405
1132.5, 612, 465, 588.5, 468, 405
1121.5, 612, 465, 600.5, 469, 405
1104.5, 612, 465, 604.0, 469, 405
1091.5, 612, 465, 628.0, 471, 404
1099.5, 612, 465, 768.0, 484, 400
1085.5, 612, 465, 611.0, 468, 405
1088.0, 612, 465, 606.5, 469, 405
1098.5, 612, 465, 960.5, 509, 389
1075.0, 612, 465, 586.0, 467, 405
1140.0, 612, 465, 581.0, 466, 406
1083.5, 612, 465, 605.5, 469, 405
1078.0, 613, 465, 726.5, 484, 400
1081.0, 613, 465, 624.0, 471, 404
1074.5, 613, 465, 594.5, 468, 405
1090.0, 612, 465, 776.5, 485, 399
1137.5, 612, 465, 802.0, 488, 398
1076.5, 612, 465, 605.5, 468, 405
1086.0, 613, 465, 612.5, 469, 405
1065.0, 612, 465, 741.5, 482, 400
1108.0, 612, 465, 609.0, 468, 405
1117.5, 612, 465, 824.0, 493, 396
1121.0, 612, 465, 611.0, 469, 405
1102.0, 612, 465, 746.0, 483, 400
1077.0, 613, 465, 601.5, 468, 405
1090.0, 612, 465, 576.0, 467, 405
1114.5, 612, 465, 588.0, 468, 405
1113.5, 612, 465, 640.5, 472, 404
1105.5, 612, 465, 626.5, 471, 404
1089.5, 612, 465, 564.0, 466, 406
1127.0, 612, 465, 593.5, 468, 405
1126.0, 612, 465, 747.5, 485, 399
1141.5, 612, 465, 594.0, 467, 405
1170.5, 611, 465, 591.5, 468, 405
1141.5, 611, 465, 577.0, 467, 405
1157.0, 611, 465, 587.5, 468, 405
1181.5, 610, 464, 599.5, 468, 405
1113.5, 612, 465, 586.5, 467, 405
1149.5, 611, 465, 593.5, 468, 405
1128.0, 612, 465, 599.0, 468, 405
1142.0, 612, 465, 599.5, 467, 405
1154.0, 611, 465, 604.5, 468, 405
1139.0, 612, 465, 756.5, 482, 400
1141.5, 611, 465, 855.5, 493, 396
1135.5, 612, 465, 614.5, 469, 405
1111.5, 612, 465, 610.0, 469, 405
1106.5, 612, 465, 639.0, 472, 404
1115.0, 612, 465, 833.0, 491, 396
1126.5, 612, 465, 661.0, 473, 403
1102.0, 612, 465, 811.5, 489, 397
1114.5, 612, 465, 642.5, 471, 404
1093.5, 612, 465, 772.0, 486, 399
1113.5, 612, 465, 642.0, 471, 404
1118.5, 612, 465, 766.5, 483, 400
1076.5, 612, 465, 860.5, 492, 396
1099.5, 612, 465, 789.5, 486, 399
1112.0, 612, 465, 828.0, 491, 397
1115.5, 612, 464, 623.5, 469, 405
1135.0, 612, 465, 859.5, 491, 397
1154.0, 611, 465, 629.0, 469, 404
1148.5, 611, 465, 601.5, 467, 405
1156.5, 611, 464, 624.0, 469, 405
1161.5, 611, 465, 638.0, 470, 404
1135.5, 612, 465, 696.5, 476, 402
1118.0, 612, 465, 923.5, 504, 391
1126.0, 612, 465, 832.0, 491, 396
1137.0, 611, 465, 739.0, 482, 400
1132.5, 612, 465, 638.5, 470, 404
1150.0, 611, 465, 572.0, 466, 405
1153.5, 611, 465, 632.5, 471, 404
1167.5, 611, 465, 810.5, 491, 396
1126.0, 612, 465, 597.0, 467, 405
1147.0, 611, 465, 679.5, 475, 403
1110.5, 611, 465, 610.5, 468, 405
1114.5, 612, 465, 674.0, 475, 403
1104.0, 612, 465, 597.5, 467, 405
1100.5, 612, 465, 812.0, 490, 397
1131.0, 612, 465, 621.0, 470, 404
1121.5, 612, 465, 622.0, 470, 404
1129.0, 611, 465, 552.0, 465, 406
1140.0, 611, 465, 574.0, 466, 405
1169.0, 611, 464, 890.5, 494, 395
1149.5, 611, 465, 886.5, 495, 395
1123.0, 612, 465, 597.5, 467, 405
1079.0, 612, 465, 602.0, 468, 405
1079.0, 612, 465, 771.5, 484, 399
1118.5, 612, 465, 684.5, 476, 402
1118.5, 612, 465, 594.5, 467, 405
1116.5, 612, 464, 647.5, 471, 404
1100.0, 612, 465, 604.5, 467, 405
1120.5, 612, 464, 859.0, 493, 395
1123.5, 612, 464, 858.0, 494, 395
1141.5, 611, 465, 811.5, 488, 397
1096.5, 612, 465, 606.0, 468, 405
1114.0, 612, 465, 609.5, 468, 405
1123.5, 612, 465, 833.0, 492, 396
1150.0, 611, 464, 602.0, 468, 405
1125.5, 612, 465, 604.5, 467, 405
1133.5, 612, 465, 603.5, 468, 405
1144.5, 611, 465, 724.0, 481, 400
1146.0, 611, 465, 625.5, 470, 404
1162.5, 611, 465, 774.5, 486, 398
1161.0, 611, 465, 840.5, 494, 395
1110.5, 612, 465, 673.0, 474, 403
1113.0, 612, 465, 604.0, 468, 405
1110.5, 612, 465, 982.5, 509, 388
1129.0, 612, 465, 607.0, 467, 405
1119.0, 612, 464, 823.0, 488, 397
1110.5, 612, 465, 835.5, 491, 396
1136.0, 611, 465, 655.0, 471, 404
1127.0, 612, 465, 598.0, 467, 405
1141.5, 611, 465, 809.0, 491, 396
1138.5, 612, 465, 593.5, 466, 405
1152.0, 611, 464, 850.0, 492, 396
1122.0, 612, 465, 599.5, 466, 405
1107.5, 612, 464, 599.5, 467, 405
1120.0, 612, 465, 798.0, 488, 397
1116.5, 612, 464, 803.0, 488, 397
1122.0, 611, 464, 590.5, 467, 405
1124.0, 612, 464, 596.5, 468, 405
1104.5, 612, 465, 578.0, 466, 405
1114.0, 612, 465, 622.5, 469, 404
1102.5, 612, 465, 631.0, 469, 404
1153.5, 611, 465, 610.5, 468, 405
1145.0, 611, 464, 594.5, 466, 405
1146.0, 611, 465, 599.0, 467, 405
1130.0, 611, 465, 569.5, 466, 405
1117.5, 611, 465, 598.5, 467, 405
1114.0, 611, 464, 796.0, 488, 397
1111.0, 612, 465, 632.5, 470, 404
1111.0, 612, 465, 702.5, 477, 401
1111.5, 612, 465, 604.5, 467, 405
1138.5, 611, 464, 623.0, 469, 404
1105.5, 612, 465, 599.0, 467, 405
1095.0, 612, 464, 838.5, 490, 396
1161.5, 611, 465, 591.5, 467, 405
1138.5, 611, 464, 592.0, 467, 405
1149.0, 611, 465, 609.5, 468, 404
1147.5, 611, 464, 558.5, 465, 405
1150.5, 611, 465, 595.5, 467, 405
1190.0, 611, 465, 609.5, 469, 404
1127.0, 611, 465, 582.5, 467, 405
1145.5, 611, 464, 605.5, 467, 405
1164.5, 611, 464, 762.5, 483, 399
1139.5, 611, 465, 593.0, 467, 405
1173.5, 611, 465, 648.0, 474, 403
1141.0, 611, 464, 607.5, 468, 404
1110.5, 611, 465, 852.0, 493, 395
1151.5, 611, 464, 592.0, 467, 405
1155.0, 611, 464, 607.0, 469, 404
1136.0, 611, 464, 785.5, 487, 398
1161.5, 611, 464, 785.5, 487, 397
1120.0, 612, 465, 830.5, 491, 396
1113.0, 612, 464, 813.5, 488, 397
1133.0, 611, 465, 625.0, 469, 404
1117.0, 612, 464, 605.5, 467, 405
1127.0, 612, 464, 614.5, 469, 404
1129.0, 612, 465, 809.0, 488, 397
1134.5, 611, 464, 646.5, 471, 403
1140.0, 611, 464, 817.0, 490, 396
1134.0, 612, 464, 942.5, 504, 391
1141.5, 611, 465, 822.5, 490, 396
1163.0, 611, 464, 603.0, 467, 405
1145.5, 611, 464, 978.5, 509, 388
1127.0, 611, 464, 619.0, 468, 405
1133.5, 611, 465, 852.5, 492, 395
1136.0, 611, 464, 811.5, 488, 397
1129.0, 612, 464, 601.0, 467, 405
1159.0, 611, 464, 616.0, 467, 405
1136.5, 611, 464, 812.5, 490, 396
1156.5, 611, 464, 618.5, 469, 404
1127.0, 611, 464, 858.0, 494, 395
1122.0, 611, 464, 714.5, 479, 401
1145.5, 611, 464, 681.0, 474, 402
1160.5, 611, 464, 623.0, 470, 404
1144.0, 611, 464, 596.5, 467, 405
1149.5, 611, 464, 776.0, 488, 397
1152.0, 611, 464, 592.0, 467, 405
1170.5, 611, 464, 596.5, 467, 405
1163.5, 611, 464, 601.5, 468, 404
1123.5, 612, 465, 656.5, 473, 403
1149.0, 611, 464, 606.5, 468, 404
1124.0, 611, 465, 597.5, 466, 405
1095.5, 612, 465, 595.5, 467, 405
1083.5, 612, 465, 598.5, 468, 405
1110.0, 612, 464, 597.5, 468, 404
1122.5, 611, 465, 583.5, 467, 405
1100.5, 612, 465, 580.0, 467, 405
1133.5, 611, 465, 575.5, 466, 405
1150.0, 611, 464, 574.5, 466, 405
1169.5, 611, 464, 580.0, 466, 405
1136.0, 611, 464, 589.0, 467, 405
1135.5, 611, 464, 596.0, 466, 405
1128.5, 611, 464, 601.5, 467, 405
1123.0, 612, 464, 597.0, 467, 405
1136.5, 611, 464, 783.0, 486, 398
1085.0, 612, 465, 785.5, 490, 396
1090.5, 612, 464, 590.0, 467, 405
1128.0, 612, 465, 619.0, 469, 404
1135.0, 611, 465, 565.0, 465, 405
1087.0, 611, 464, 624.5, 469, 404
1052.5, 611, 464, 614.5, 469, 404
1078.0, 612, 465, 602.0, 468, 404
1078.5, 612, 465, 587.0, 467, 405
1137.5, 611, 464, 589.0, 467, 405
1135.5, 611, 464, 577.0, 467, 405
1151.5, 611, 465, 574.5, 465, 405
1123.0, 611, 464, 596.5, 467, 405
1142.0, 611, 464, 596.5, 467, 405
1133.5, 611, 464, 597.5, 467, 405
1146.0, 611, 465, 578.0, 466, 405
1161.5, 611, 464, 735.0, 483, 399
1144.5, 611, 464, 582.5, 466, 405
1096.0, 612, 464, 732.0, 482, 399
1114.0, 612, 465, 751.5, 486, 398
1105.0, 612, 465, 717.5, 481, 399
1076.0, 612, 465, 580.0, 466, 405
1062.0, 612, 464, 628.0, 469, 404
1066.0, 612, 465, 638.0, 471, 403
1136.0, 611, 464, 581.5, 465, 405
1156.5, 611, 464, 619.5, 468, 404
1142.5, 611, 464, 605.0, 468, 404
1128.0, 611, 464, 593.5, 467, 405
1110.0, 612, 465, 697.5, 477, 401
1099.0, 612, 465, 595.5, 467, 405
1109.5, 612, 465, 595.0, 466, 405
1119.0, 612, 465, 607.5, 468, 404
1068.0, 612, 465, 587.0, 467, 405
1114.5, 612, 465, 577.5, 467, 405
1040.5, 612, 465, 938.5, 506, 389
1091.5, 612, 465, 591.0, 467, 405
1051.5, 612, 465, 584.5, 465, 405
1047.0, 612, 465, 612.0, 468, 404
1107.5, 612, 465, 586.5, 466, 405
1083.0, 612, 465, 651.5, 474, 402
1101.5, 612, 465, 594.0, 467, 405
1128.5, 612, 465, 575.0, 466, 405
1129.5, 611, 464, 586.5, 466, 405
1142.5, 611, 464, 584.5, 466, 405
1139.5, 611, 465, 592.5, 467, 405
1177.5, 611, 464, 564.5, 465, 405
1155.0, 611, 464, 576.0, 466, 405
1130.0, 611, 465, 613.0, 468, 404
1092.5, 612, 465, 750.0, 485, 398
1136.5, 611, 464, 589.0, 466, 405
1156.0, 611, 464, 586.5, 467, 405
1107.5, 611, 464, 596.0, 467, 405
1136.5, 611, 464, 585.5, 466, 405
1158.5, 611, 464, 571.0, 466, 405
1156.5, 611, 464, 628.0, 472, 403
1183.0, 611, 464, 574.0, 466, 405
1143.0, 611, 464, 584.0, 466, 405
1178.5, 611, 464, 576.0, 466, 405
1196.0, 610, 464, 818.5, 492, 395
1194.0, 610, 464, 567.0, 465, 405
1190.0, 610, 464, 584.0, 466, 405
1124.0, 611, 464, 580.5, 466, 405
1114.5, 612, 464, 593.0, 467, 405
1112.5, 612, 464, 709.0, 478, 401
1144.0, 611, 464, 594.0, 467, 405
1137.5, 611, 464, 823.5, 493, 395
1186.0, 610, 464, 622.0, 469, 404
1167.0, 611, 464, 590.0, 466, 405
1168.5, 611, 464, 615.5, 469, 404
1160.5, 611, 464, 584.0, 467, 405
1163.0, 611, 464, 569.5, 466, 405
1167.5, 611, 464, 610.5, 468, 404
1169.5, 610, 464, 582.5, 466, 405
1172.5, 610, 464, 580.0, 467, 405
1182.0, 610, 464, 618.0, 469, 404
1160.0, 611, 464, 595.0, 467, 405
1124.5, 611, 464, 606.5, 467, 404
1135.0, 611, 464, 613.0, 469, 404
1126.5, 611, 465, 597.0, 467, 405
1147.0, 611, 465, 814.0, 491, 395
1169.0, 610, 464, 576.5, 466, 405
1163.0, 611, 464, 761.0, 483, 399
1143.5, 611, 465, 585.5, 468, 404
1156.0, 611, 464, 586.5, 466, 405
1158.5, 611, 464, 576.0, 466, 405
1153.0, 611, 464, 608.5, 468, 404
1176.5, 611, 464, 596.0, 466, 405
1158.5, 611, 464, 605.5, 467, 404
1175.0, 610, 464, 591.0, 466, 405
1174.5, 610, 464, 594.0, 467, 404
1113.5, 611, 464, 638.0, 471, 403
1131.5, 611, 464, 817.0, 491, 396
1119.0, 611, 464, 826.0, 491, 395
1115.0, 612, 464, 609.0, 466, 405
1115.5, 611, 464, 640.0, 469, 404
1120.0, 611, 464, 608.5, 468, 404
1121.0, 611, 464, 614.0, 468, 404
1128.5, 611, 464, 602.5, 467, 404
1147.5, 611, 464, 616.0, 469, 404
1160.0, 611, 464, 629.5, 470, 404
1160.0, 611, 464, 816.5, 490, 396
1096.5, 611, 465, 610.5, 467, 404
1164.0, 611, 464, 625.0, 469, 404
1160.0, 611, 464, 569.0, 465, 405
1141.5, 611, 464, 591.5, 467, 405
1113.0, 611, 465, 811.5, 489, 396
1100.0, 612, 465, 614.0, 468, 404
1093.5, 612, 464, 601.5, 467, 404
1136.5, 611, 464, 603.0, 467, 404
1119.0, 611, 464, 600.5, 467, 404
1123.0, 611, 464, 653.5, 471, 403
1137.5, 611, 464, 616.0, 469, 404
1152.0, 611, 464, 591.0, 466, 405
1162.5, 611, 464, 582.5, 465, 405
1106.0, 612, 465, 621.0, 467, 404
1091.5, 611, 465, 631.0, 469, 404
1136.0, 611, 464, 604.5, 466, 405
1131.0, 611, 464, 675.5, 473, 402
1154.5, 611, 464, 591.5, 466, 405
1147.0, 611, 464, 602.0, 468, 404
1078.5, 611, 464, 618.0, 468, 404
1108.0, 612, 464, 597.0, 466, 405
1125.0, 612, 465, 623.5, 468, 404
1123.5, 611, 464, 574.5, 466, 405
1135.0, 611, 464, 588.0, 466, 405
1137.5, 611, 464, 565.5, 465, 405
1088.0, 612, 465, 748.5, 482, 399
1110.5, 611, 465, 573.5, 465, 405
1102.5, 612, 465, 588.5, 466, 405
1061.5, 611, 464, 595.0, 466, 405
1081.5, 612, 465, 601.5, 466, 404
1077.5, 612, 465, 585.0, 466, 405
1144.5, 611, 464, 590.0, 466, 405
1151.5, 611, 464, 602.5, 467, 404
1154.0, 611, 464, 640.5, 469, 404
1159.5, 611, 464, 585.0, 466, 405
1160.0, 611, 464, 603.0, 467, 404
1136.5, 611, 464, 610.0, 467, 404
1158.0, 611, 464, 594.0, 466, 405
1185.0, 611, 464, 613.0, 470, 403
1148.0, 611, 464, 582.0, 466, 405
1097.5, 612, 465, 595.5, 466, 405
1098.5, 611, 464, 609.5, 468, 404
1117.0, 612, 465, 580.5, 465, 405
1134.0, 611, 465, 630.0, 470, 403
1152.5, 611, 464, 577.0, 465, 405
1175.5, 611, 464, 561.0, 464, 405
1150.0, 611, 464, 592.5, 465, 405
1189.5, 610, 464, 589.0, 466, 405
1167.5, 611, 464, 582.5, 466, 405
1169.5, 611, 464, 776.0, 488, 397
1160.0, 611, 464, 601.0, 468, 404
1176.5, 611, 464, 571.0, 465, 405
1160.0, 611, 464, 594.5, 466, 404
1149.0, 611, 464, 589.0, 466, 404
1155.0, 611, 464, 587.0, 467, 404
1172.0, 611, 464, 589.5, 466, 404
1145.5, 611, 464, 591.0, 468, 404
1167.5, 611, 464, 767.0, 486, 397
1167.0, 611, 464, 578.0, 466, 404
1214.0, 610, 464, 577.5, 465, 405
1168.5, 611, 464, 595.0, 466, 404
1187.5, 610, 464, 574.0, 466, 405
1166.5, 611, 464, 585.5, 466, 404
1128.0, 612, 465, 615.5, 469, 404
1109.5, 612, 464, 589.0, 466, 404
1100.5, 612, 465, 597.0, 466, 404
1120.0, 611, 465, 583.0, 467, 404
1157.0, 611, 464, 582.5, 466, 404
1150.5, 611, 464, 576.5, 466, 404
1187.5, 610, 464, 581.0, 466, 405
1137.0, 611, 465, 588.5, 467, 404
1198.0, 610, 464, 583.5, 465, 405
1214.5, 610, 464, 586.0, 466, 404
1182.5, 610, 464, 585.5, 466, 405
1119.5, 611, 465, 619.0, 469, 403
1120.5, 612, 464, 605.0, 466, 404
1112.5, 612, 464, 587.0, 467, 404
1178.0, 610, 464, 591.0, 466, 405
1168.5, 611, 464, 587.5, 465, 405
1162.0, 611, 464, 574.5, 465, 405
1120.0, 612, 464, 775.5, 484, 398
1134.0, 611, 464, 954.5, 509, 387
1154.0, 611, 464, 586.0, 466, 405
1185.5, 611, 464, 595.5, 466, 404
1163.5, 611, 464, 602.5, 467, 404
1123.0, 611, 465, 625.5, 468, 404
1100.5, 611, 464, 625.0, 468, 404
1128.0, 611, 465, 595.0, 467, 404
1162.5, 611, 464, 788.0, 486, 397
1184.0, 611, 464, 618.5, 467, 404
1123.0, 611, 464, 802.0, 490, 396
1104.5, 611, 464, 637.5, 469, 403
1137.0, 611, 464, 792.0, 486, 397
1174.5, 610, 464, 625.0, 468, 404
1166.0, 611, 464, 598.5, 466, 404
1167.0, 610, 464, 584.0, 466, 404
1149.0, 611, 464, 597.5, 466, 404
1166.5, 611, 464, 584.0, 465, 405
1160.0, 611, 464, 598.0, 467, 404
1188.0, 610, 464, 646.0, 470, 403
1194.0, 610, 464, 616.0, 468, 404
1140.0, 611, 464, 602.0, 466, 404
1160.5, 611, 464, 600.5, 467, 404
1161.5, 611, 464, 619.5, 468, 404
1116.5, 611, 464, 616.0, 467, 404
1134.0, 611, 464, 624.5, 468, 404
1152.0, 611, 464, 988.5, 508, 388
1173.0, 610, 464, 622.0, 467, 404
1167.5, 610, 464, 626.5, 468, 404
1188.5, 610, 464, 621.5, 468, 404
1145.5, 611, 464, 603.5, 467, 404
1175.5, 610, 464, 856.5, 492, 395
1185.0, 610, 464, 585.0, 465, 405
1099.5, 611, 464, 813.5, 488, 396
1139.0, 611, 464, 810.0, 488, 396
1120.0, 611, 464, 606.0, 467, 404
1093.0, 612, 464, 619.5, 467, 404
1099.5, 612, 464, 652.5, 469, 403
1114.5, 611, 464, 834.5, 490, 396
1188.5, 610, 464, 618.0, 468, 404
1163.5, 611, 464, 803.0, 489, 396
1164.0, 610, 464, 601.0, 467, 404
1201.0, 610, 464, 606.5, 467, 404
1182.0, 610, 464, 972.0, 508, 387
1204.0, 610, 464, 808.5, 490, 396
1231.5, 609, 464, 612.5, 466, 404
1234.5, 609, 464, 605.5, 466, 404
1139.0, 611, 464, 779.5, 484, 398
1159.0, 611, 464, 601.0, 466, 404
1168.0, 611, 464, 595.5, 466, 404
1165.0, 610, 464, 596.5, 466, 404
1159.0, 610, 464, 678.0, 474, 402
1116.0, 611, 464, 577.5, 465, 405
1162.0, 610, 464, 614.0, 466, 404
1144.5, 611, 464, 606.0, 466, 404
1116.0, 611, 465, 618.5, 467, 404
1113.5, 611, 464, 620.0, 467, 404
1067.5, 611, 464, 1005.5, 511, 386
1090.0, 612, 465, 609.0, 467, 404
1096.0, 612, 465, 848.0, 493, 394
1141.5, 611, 464, 638.5, 469, 403
1100.5, 611, 464, 598.5, 466, 404
1137.0, 611, 464, 787.5, 486, 397
1128.5, 611, 464, 598.0, 466, 404
1111.0, 612, 464, 975.5, 506, 388
1079.0, 612, 464, 615.0, 467, 404
1083.5, 612, 465, 634.5, 467, 404
1140.5, 611, 464, 634.0, 468, 403
1176.0, 610, 464, 636.0, 469, 403
1133.0, 611, 464, 597.0, 466, 404
1078.0, 611, 465, 789.5, 488, 396
1088.0, 612, 465, 584.0, 466, 404
1066.5, 612, 465, 591.5, 466, 404
1142.5, 611, 464, 609.0, 468, 404
1159.5, 611, 464, 596.0, 466, 404
1131.0, 611, 464, 597.5, 467, 404
1075.0, 611, 465, 578.0, 465, 404
1112.5, 612, 464, 596.0, 466, 404
1135.0, 611, 464, 598.5, 467, 404
1152.0, 611, 464, 597.5, 466, 404
1150.0, 611, 464, 593.0, 466, 404
1140.5, 611, 464, 588.0, 467, 404
1155.5, 611, 464, 567.5, 464, 405
1162.0, 611, 464, 596.5, 466, 404
1158.0, 611, 464, 595.0, 466, 404
1178.5, 610, 464, 626.5, 469, 403
1146.0, 611, 464, 580.5, 465, 405
1079.5, 611, 464, 631.0, 469, 403
1112.0, 612, 465, 811.0, 489, 396
1129.5, 611, 464, 589.5, 465, 404
1136.0, 611, 464, 586.0, 466, 404
1171.0, 611, 464, 582.5, 465, 404
1181.0, 610, 464, 607.5, 468, 404
1144.5, 611, 464, 585.5, 466, 404
1138.5, 611, 464, 567.5, 465, 405
1174.5, 611, 464, 595.0, 467, 404
1159.5, 611, 464, 568.5, 464, 405
1158.5, 611, 464, 586.0, 465, 404
1172.5, 611, 464, 610.5, 468, 404
1175.5, 610, 464, 596.0, 466, 404
1162.0, 611, 464, 597.5, 467, 404
1150.5, 611, 464, 595.5, 465, 404
1149.0, 611, 464, 592.5, 466, 404
1160.0, 611, 464, 603.0, 468, 404
1155.5, 611, 464, 591.5, 466, 404
1156.0, 611, 464, 592.5, 466, 404
1154.0, 611, 464, 621.0, 468, 404
1135.0, 611, 464, 797.5, 488, 396
1132.0, 611, 464, 767.5, 485, 398
1123.0, 611, 464, 586.5, 465, 404
1136.5, 611, 464, 694.5, 474, 402
1167.5, 610, 464, 591.0, 465, 404
1141.5, 611, 464, 629.0, 468, 403
1134.0, 611, 464, 850.5, 492, 394
1104.5, 611, 464, 833.5, 491, 395
1110.0, 611, 464, 821.5, 487, 397
1128.0, 611, 465, 845.5, 492, 394
1135.5, 611, 464, 625.5, 469, 403
1129.5, 610, 464, 596.0, 466, 404
1132.0, 611, 464, 616.0, 468, 404
1171.0, 610, 464, 570.5, 464, 405
1172.5, 610, 464, 621.0, 468, 404
1131.0, 611, 464, 858.5, 492, 394
1128.5, 611, 464, 834.0, 488, 396
1138.0, 611, 464, 871.5, 492, 394
1145.5, 611, 464, 830.0, 488, 396
1149.5, 610, 464, 601.0, 466, 404
1195.0, 610, 464, 636.0, 469, 403
1152.5, 611, 464, 604.0, 466, 404
1123.0, 611, 464, 602.0, 466, 404
1135.0, 611, 464, 848.5, 491, 395
1113.0, 611, 464, 598.0, 466, 404
1067.0, 611, 464, 589.0, 465, 405
1098.5, 611, 464, 652.5, 470, 403
1109.0, 611, 464, 612.5, 467, 404
1107.0, 611, 464, 587.0, 465, 404
1161.5, 610, 464, 643.0, 469, 403
1138.5, 611, 464, 852.0, 492, 394
1134.5, 611, 464, 969.0, 508, 388
1127.0, 610, 464, 619.5, 467, 404
1068.5, 611, 464, 606.0, 466, 404
1114.5, 611, 464, 624.0, 467, 404
1112.5, 611, 464, 605.5, 467, 404
1073.5, 611, 464, 986.0, 506, 389
1083.0, 611, 464, 990.0, 509, 387
1060.5, 611, 465, 606.5, 466, 404
1067.0, 612, 465, 1024.5, 511, 386
1072.0, 612, 464, 644.5, 469, 403
1088.5, 611, 465, 796.0, 485, 397
1070.5, 611, 464, 619.0, 468, 404
1135.5, 611, 464, 604.0, 467, 404
1120.0, 611, 464, 876.5, 494, 394
1135.0, 610, 464, 618.5, 467, 404
1211.5, 610, 464, 627.5, 467, 404
1181.0, 610, 464, 807.0, 485, 398
1187.0, 610, 464, 610.5, 466, 404
1159.5, 610, 464, 628.5, 469, 403
1181.0, 610, 464, 601.0, 466, 404
1167.0, 610, 464, 661.0, 473, 402
1185.5, 610, 464, 591.5, 466, 404
1176.5, 610, 464, 702.5, 478, 400
1187.0, 610, 464, 644.0, 471, 403
1181.5, 610, 464, 600.5, 466, 404
1152.5, 611, 464, 599.5, 465, 404
1146.5, 611, 464, 592.0, 466, 404
1161.5, 610, 464, 589.5, 466, 404
1114.0, 611, 464, 828.0, 490, 395
1109.0, 611, 465, 869.5, 493, 394
1110.0, 611, 464, 757.0, 479, 399
1143.5, 610, 464, 825.5, 490, 395
1175.0, 610, 464, 608.5, 466, 404
1144.5, 611, 464, 626.5, 468, 403
1117.0, 611, 464, 613.0, 466, 404
1104.0, 611, 464, 680.0, 474, 401
1153.5, 610, 464, 621.5, 468, 404
1159.0, 610, 464, 973.0, 504, 389
1180.0, 610, 464, 681.0, 471, 402
1193.5, 610, 464, 646.5, 470, 403
1170.5, 610, 464, 614.0, 466, 404
1165.5, 610, 464, 844.5, 489, 396
1187.5, 610, 464, 605.0, 467, 404
1190.0, 610, 464, 612.0, 467, 404
1179.0, 610, 464, 643.5, 469, 403
1158.0, 610, 464, 901.0, 493, 394
1184.0, 610, 464, 611.5, 467, 404
1153.5, 610, 464, 655.0, 470, 403
1170.0, 610, 464, 672.5, 472, 402
1188.5, 610, 464, 613.0, 467, 404
1210.0, 610, 464, 592.5, 465, 404
1172.5, 610, 464, 629.0, 467, 404
1190.5, 610, 464, 741.0, 479, 400
1207.0, 610, 464, 639.5, 468, 403
1189.5, 610, 464, 683.0, 472, 402
1132.5, 611, 464, 847.5, 489, 396
1130.0, 611, 464, 622.0, 467, 404
1097.5, 611, 464, 615.0, 466, 404
1143.0, 610, 464, 656.0, 470, 403
1147.0, 611, 464, 808.0, 488, 396
1181.5, 610, 464, 751.0, 480, 399
1144.0, 611, 464, 613.0, 466, 404
1142.5, 611, 464, 799.5, 488, 396
1145.0, 611, 464, 600.5, 465, 404
1153.5, 611, 464, 611.0, 466, 404
1185.5, 610, 464, 597.5, 466, 404
1149.5, 610, 464, 603.0, 466, 404
1127.0, 611, 464, 873.5, 494, 393
1167.5, 610, 464, 607.0, 466, 404
1164.5, 610, 464, 601.0, 466, 404
1161.0, 611, 464, 592.0, 466, 404
1181.0, 610, 464, 634.5, 469, 403
1158.0, 611, 464, 576.5, 465, 404
1161.5, 611, 464, 619.5, 466, 404
1125.0, 610, 464, 865.0, 493, 394
1156.0, 611, 464, 613.0, 466, 404
1176.0, 611, 464, 779.0, 483, 398
1182.0, 610, 464, 727.5, 482, 398
1156.0, 611, 464, 612.5, 466, 404
1134.5, 611, 464, 649.5, 469, 403
1128.0, 611, 464, 604.0, 466, 404
1146.5, 611, 464, 816.0, 487, 396
1184.5, 610, 464, 602.5, 466, 404
1157.0, 611, 464, 790.0, 485, 397
1150.5, 611, 464, 613.5, 467, 404
1177.5, 610, 464, 579.5, 465, 404
1154.0, 611, 464, 585.5, 465, 404
1186.5, 610, 464, 592.5, 466, 404
1191.0, 610, 464, 601.0, 467, 404
1172.5, 611, 464, 595.0, 466, 404
1176.0, 610, 464, 625.5, 468, 403
1173.0, 610, 464, 582.5, 465, 404
1184.0, 610, 464, 607.0, 466, 404
1169.5, 611, 464, 593.0, 465, 404
1129.0, 611, 465, 602.5, 466, 404
1135.0, 611, 464, 683.0, 473, 402
1132.0, 611, 464, 602.0, 466, 404
1177.0, 610, 464, 626.5, 469, 403
1166.5, 611, 464, 588.5, 466, 404
1165.5, 610, 464, 601.0, 468, 404
1208.5, 610, 464, 597.5, 466, 404
1210.5, 610, 464, 605.5, 466, 404
1185.5, 610, 464, 585.0, 465, 404
1204.5, 610, 464, 651.0, 472, 402
1182.5, 610, 464, 593.0, 466, 404
1155.0, 611, 464, 620.0, 467, 404
1157.5, 611, 464, 656.5, 470, 403
1168.5, 611, 464, 845.0, 487, 396
1196.0, 610, 464, 606.5, 466, 404
1205.5, 610, 464, 766.5, 481, 399
1190.0, 610, 464, 750.5, 484, 398
1114.0, 611, 464, 603.0, 467, 404
1111.5, 611, 465, 605.5, 466, 404
1132.5, 611, 464, 605.0, 466, 404
1189.5, 610, 464, 600.5, 465, 404
1178.0, 610, 464, 600.0, 465, 404
1193.0, 610, 464, 914.5, 503, 390
1206.0, 610, 464, 607.0, 467, 404
1227.5, 610, 464, 592.5, 465, 404
1213.0, 610, 464, 596.0, 466, 404
1247.5, 609, 464, 696.0, 474, 401
1205.5, 610, 464, 595.5, 466, 404
1213.5, 610, 464, 633.5, 469, 403
1215.5, 610, 464, 584.5, 464, 404
1216.5, 610, 464, 707.0, 477, 400
1234.0, 609, 464, 733.0, 482, 398
1215.0, 610, 464, 587.5, 465, 404
1210.5, 610, 464, 593.5, 466, 404
1236.5, 609, 464, 627.5, 468, 403
1228.5, 609, 464, 580.5, 465, 404
1230.0, 610, 464, 760.5, 482, 398
1211.5, 610, 464, 590.0, 465, 404
1250.0, 609, 464, 608.0, 466, 404
1203.5, 610, 464, 591.5, 466, 404
1223.5, 610, 464, 585.0, 466, 404
1227.5, 610, 464, 639.0, 469, 403
1206.0, 610, 464, 594.5, 466, 404
1220.0, 610, 464, 612.0, 467, 404
1229.0, 609, 464, 638.5, 469, 403
1216.5, 610, 464, 818.0, 488, 396
1208.0, 610, 464, 601.0, 466, 404
1232.5, 609, 464, 590.5, 466, 404
1206.5, 610, 464, 599.5, 466, 404
1221.0, 609, 464, 616.5, 468, 403
1234.5, 609, 464, 592.0, 464, 404
1226.0, 610, 464, 605.5, 467, 404
1231.0, 609, 464, 583.5, 465, 404
1202.5, 610, 464, 603.5, 466, 404
1211.5, 610, 464, 823.5, 488, 396
1226.5, 610, 464, 612.0, 467, 404
1211.5, 610, 464, 597.0, 466, 404
1233.5, 609, 464, 643.0, 469, 403
1217.5, 610, 464, 740.0, 481, 399
1216.5, 610, 464, 617.5, 468, 403
1202.0, 610, 464, 608.0, 466, 404
1242.0, 609, 464, 763.0, 484, 397
1241.5, 609, 464, 691.0, 475, 401
1253.0, 609, 464, 615.0, 467, 404
1215.5, 610, 464, 637.5, 469, 403
1135.5, 611, 464, 608.0, 466, 404
1139.5, 611, 464, 599.5, 466, 404
1150.0, 611, 464, 601.5, 466, 404
1184.0, 610, 464, 646.0, 470, 403
1174.0, 611, 464, 656.0, 472, 402
1182.0, 610, 464, 578.5, 465, 404
1193.0, 610, 464, 619.5, 467, 404
1200.0, 610, 464, 582.0, 465, 404
1195.5, 610, 464, 781.0, 486, 396
1228.0, 610, 464, 610.0, 467, 404
1238.5, 609, 464, 755.5, 481, 399
1220.0, 610, 464, 608.5, 467, 404
1217.0, 610, 464, 609.0, 467, 404
1235.0, 609, 464, 601.0, 466, 404
1246.0, 609, 464, 617.0, 468, 403
1250.0, 609, 464, 808.5, 485, 397
1254.0, 609, 464, 943.5, 506, 388
1247.0, 609, 464, 662.0, 470, 403
1170.0, 610, 464, 611.0, 466, 404
1182.5, 611, 464, 788.0, 483, 398
1202.0, 610, 464, 606.5, 466, 404
1200.5, 610, 464, 801.0, 487, 396
1217.0, 610, 464, 581.5, 465, 404
1195.5, 610, 464, 604.0, 466, 404
1155.0, 611, 465, 897.0, 493, 394
1159.0, 610, 464, 859.0, 490, 395
1150.0, 611, 464, 937.0, 500, 391
1185.5, 610, 464, 815.0, 487, 396
1187.5, 610, 464, 695.5, 473, 401
1202.0, 610, 464, 594.5, 466, 404
1224.0, 610, 464, 762.5, 481, 399
1217.5, 610, 464, 616.0, 467, 404
1237.5, 609, 464, 631.0, 469, 403
1220.0, 610, 464, 586.0, 465, 404
1206.0, 610, 464, 565.0, 463, 405
1225.0, 610, 464, 605.5, 466, 404
1218.0, 610, 464, 589.0, 465, 404
1232.0, 610, 464, 624.5, 468, 403
1217.0, 610, 464, 624.0, 468, 403
1236.5, 609, 464, 588.5, 465, 404
1229.0, 609, 464, 777.5, 483, 398
1222.0, 610, 464, 847.0, 492, 394
1265.0, 609, 464, 770.0, 482, 398
1243.5, 609, 464, 741.0, 481, 399
1252.0, 609, 464, 681.5, 474, 401
1261.5, 609, 464, 616.0, 466, 404
1247.5, 609, 464, 1024.5, 510, 387
1260.0, 609, 464, 1048.0, 510, 387
1258.5, 609, 464, 798.5, 483, 398
1252.5, 609, 464, 809.5, 485, 397
1250.0, 609, 464, 910.0, 495, 393
1271.0, 609, 464, 650.0, 469, 403
1264.5, 609, 464, 705.0, 475, 401
1261.5, 609, 464, 877.0, 491, 394
1235.5, 609, 464, 595.0, 466, 404
1247.5, 609, 464, 613.5, 466, 404
1258.5, 609, 464, 617.0, 466, 404
1156.5, 611, 464, 620.5, 468, 403
1160.0, 611, 464, 601.0, 466, 404
1139.5, 611, 465, 762.0, 482, 398
1132.0, 611, 464, 613.0, 466, 404
1122.0, 611, 464, 628.5, 466, 404
1119.5, 611, 464, 759.5, 481, 398
1188.5, 610, 464, 631.0, 469, 403
1167.5, 610, 464, 993.5, 510, 386
1200.5, 610, 464, 833.0, 489, 395
1229.0, 610, 464, 1052.5, 513, 385
1218.0, 610, 464, 849.5, 489, 396
1214.0, 610, 464, 907.0, 494, 393
1216.0, 610, 464, 834.5, 489, 395
1201.0, 610, 464, 604.5, 466, 404
1199.0, 610, 464, 844.0, 489, 395
1249.0, 609, 464, 1044.0, 510, 386
1242.5, 609, 464, 1078.5, 513, 385
1252.5, 609, 464, 714.5, 474, 401
1233.5, 610, 464, 909.5, 493, 394
1216.5, 609, 464, 856.5, 487, 396
1248.5, 609, 464, 637.5, 467, 403
1253.5, 609, 464, 1090.5, 513, 385
1248.5, 609, 464, 617.5, 468, 403
1216.0, 609, 464, 878.0, 490, 395
1254.0, 609, 464, 1103.0, 513, 385
1222.5, 609, 464, 1005.0, 506, 388
1250.5, 609, 464, 901.5, 494, 393
1248.0, 609, 464, 1087.5, 514, 385
1254.5, 609, 464, 1098.0, 513, 385
1240.5, 609, 464, 1095.5, 514, 385
1272.0, 609, 464, 1113.0, 514, 385
1257.5, 609, 464, 923.5, 494, 393
1243.5, 609, 464, 1126.0, 515, 384
1240.5, 609, 464, 1142.0, 515, 384
1259.0, 609, 464, 962.5, 495, 393
1242.0, 609, 464, 1117.5, 514, 385
1234.5, 609, 464, 938.0, 494, 393
1261.5, 608, 464, 1126.0, 514, 385
1238.5, 609, 464, 1111.0, 514, 385
1236.5, 609, 464, 673.0, 470, 402
1234.5, 609, 464, 1091.5, 513, 385
1202.5, 610, 464, 1102.0, 514, 384
1231.5, 609, 464, 944.0, 495, 393
1224.0, 609, 464, 946.0, 495, 393
1198.0, 610, 464, 1080.5, 513, 385
1219.0, 609, 464, 1074.5, 511, 386
1221.0, 609, 464, 1063.5, 512, 385
1217.5, 609, 464, 965.0, 495, 393
1222.5, 609, 464, 1098.0, 513, 385
1225.5, 609, 464, 1108.5, 512, 385
1220.0, 609, 464, 1096.0, 513, 385
1233.0, 609, 464, 1062.0, 511, 386
1214.0, 609, 464, 1100.5, 512, 385
1213.5, 609, 464, 1107.0, 513, 385
1268.5, 608, 464, 1046.5, 509, 386
1249.0, 609, 464, 853.0, 486, 397
1243.5, 609, 464, 866.0, 488, 396
1246.5, 609, 464, 1072.0, 512, 385
1208.5, 609, 464, 906.5, 494, 393
1243.0, 609, 464, 940.5, 496, 392
1252.0, 609, 464, 910.5, 492, 394
1240.5, 609, 464, 881.5, 490, 395
1235.0, 609, 464, 1087.0, 511, 386
1241.5, 609, 464, 915.0, 495, 393
1218.5, 609, 464, 1043.0, 509, 387
1210.5, 610, 464, 1094.0, 513, 385
1228.0, 609, 464, 931.5, 496, 392
1189.0, 610, 464, 1118.0, 514, 385
1174.5, 610, 464, 1067.5, 510, 386
1195.0, 610, 464, 715.5, 473, 401
1180.5, 610, 464, 1101.0, 512, 385
1189.0, 610, 464, 956.5, 495, 393
1182.5, 610, 464, 1034.0, 510, 386
1198.0, 610, 464, 1101.0, 511, 386
1211.0, 609, 464, 1069.5, 512, 385
1194.5, 610, 464, 888.5, 491, 394
1213.0, 610, 464, 1119.0, 513, 385
1179.0, 610, 464, 828.0, 484, 397
1161.0, 610, 464, 1070.0, 511, 386
1182.0, 610, 464, 1082.0, 512, 385
1190.0, 610, 464, 1110.0, 512, 385
1227.0, 609, 464, 1094.5, 514, 385
1213.0, 609, 464, 1113.0, 514, 385
1219.5, 609, 464, 1072.0, 511, 386
1218.0, 609, 464, 646.0, 467, 403
1173.5, 610, 464, 937.5, 496, 392
1204.5, 610, 464, 1085.5, 514, 385
1188.0, 610, 464, 1139.0, 515, 384
1195.5, 610, 464, 1076.5, 512, 385
1220.0, 609, 464, 1120.5, 514, 385
1186.0, 610, 464, 1103.0, 513, 385
1185.5, 609, 464, 1062.5, 512, 385
1195.0, 610, 464, 840.5, 484, 397
1197.5, 610, 464, 881.0, 491, 394
1221.0, 609, 464, 693.5, 471, 402
1211.0, 610, 464, 618.5, 466, 404
1231.5, 609, 464, 676.0, 471, 402
1248.5, 609, 464, 1040.5, 509, 387
1224.0, 609, 464, 866.0, 488, 396
1216.0, 609, 464, 1103.0, 513, 385
1199.5, 610, 464, 1071.5, 510, 386
1210.0, 609, 464, 1093.0, 513, 385
1214.5, 609, 464, 1062.5, 512, 385
1210.5, 609, 464, 889.0, 491, 394
1215.0, 609, 464, 1025.5, 509, 386
1235.5, 609, 464, 1029.0, 511, 386
1229.0, 609, 464, 884.5, 491, 395
1235.5, 609, 464, 804.5, 482, 398
1203.0, 610, 464, 637.0, 467, 403
1197.0, 610, 464, 1082.5, 514, 385
1199.5, 610, 464, 892.0, 492, 394
1202.5, 610, 464, 1080.0, 511, 386
1197.5, 610, 464, 904.5, 492, 394
1198.5, 610, 464, 1062.5, 511, 386
1200.5, 610, 464, 928.5, 494, 393
1201.0, 610, 464, 836.0, 486, 396
1201.0, 609, 464, 639.0, 467, 403
1207.5, 610, 464, 625.0, 466, 404
1210.5, 610, 464, 1089.0, 513, 385
1212.0, 609, 464, 1073.5, 512, 386
1196.0, 610, 464, 886.5, 491, 394
1200.5, 610, 464, 1086.5, 513, 385
1202.0, 610, 464, 877.5, 491, 394
1199.0, 610, 464, 941.5, 496, 392
1201.5, 610, 464, 1037.5, 507, 387
1215.0, 609, 464, 1105.0, 513, 385
1197.5, 610, 464, 891.0, 495, 393
1204.5, 609, 464, 870.0, 492, 394
1170.5, 610, 464, 905.5, 494, 393
1188.0, 610, 464, 1057.5, 511, 386
1206.0, 609, 464, 622.0, 466, 403
1187.0, 610, 464, 1016.0, 509, 387
1176.0, 610, 464, 1082.5, 512, 385
1208.0, 610, 464, 648.0, 468, 403
1204.0, 610, 464, 1095.5, 513, 385
1201.5, 610, 464, 1046.5, 512, 385
1195.0, 610, 464, 1047.5, 511, 386
1194.0, 610, 464, 1053.5, 511, 386
1229.5, 609, 464, 899.0, 495, 393
1211.5, 609, 464, 1087.0, 513, 385
1217.0, 610, 464, 1064.5, 512, 385
1201.5, 610, 464, 1094.0, 513, 385
1213.0, 609, 464, 870.5, 491, 394
1201.5, 610, 464, 966.5, 504, 389
1224.0, 609, 464, 617.0, 467, 403
1194.0, 610, 464, 626.0, 469, 403
1187.0, 610, 464, 757.5, 482, 398
1192.5, 610, 464, 621.0, 467, 403
1201.5, 610, 464, 607.5, 465, 404
1204.5, 609, 464, 870.0, 492, 394
1209.0, 610, 464, 662.5, 470, 402
1178.5, 610, 464, 615.0, 467, 403
1178.0, 610, 464, 596.0, 466, 404
1178.5, 610, 464, 590.5, 465, 404
1193.0, 610, 464, 828.0, 491, 394
1165.5, 610, 464, 633.5, 469, 403
1200.0, 610, 464, 763.0, 482, 398
1177.5, 610, 464, 594.5, 468, 403
1165.0, 610, 464, 638.0, 470, 402
1141.5, 610, 464, 581.0, 465, 404
1159.0, 610, 464, 606.0, 467, 403
1161.0, 610, 464, 587.0, 466, 404
1173.0, 610, 464, 594.5, 466, 404
1173.0, 610, 464, 636.5, 469, 403
1195.5, 610, 464, 608.5, 466, 404
1198.5, 610, 464, 590.0, 466, 404
1140.0, 611, 464, 593.5, 466, 404
1148.0, 610, 464, 591.0, 467, 403
1157.0, 610, 464, 625.0, 469, 403
1125.0, 610, 464, 626.0, 469, 403
1141.0, 610, 464, 707.5, 480, 399
1133.0, 611, 464, 576.0, 466, 404
1155.5, 610, 464, 605.5, 467, 403
1148.5, 610, 464, 554.0, 464, 404
1154.5, 610, 464, 550.5, 463, 404
1156.5, 610, 464, 800.0, 487, 396
1156.0, 610, 464, 632.0, 469, 403
1152.0, 610, 464, 752.0, 480, 399
1148.5, 610, 464, 622.5, 469, 403
1151.5, 610, 464, 595.5, 466, 404
1139.5, 611, 464, 584.0, 465, 404
1165.5, 610, 464, 571.5, 466, 404
1151.0, 610, 464, 600.0, 468, 403
1160.5, 610, 464, 590.5, 467, 403
1132.0, 610, 464, 555.5, 465, 404
1113.5, 610, 464, 567.0, 464, 404
1137.0, 611, 464, 573.5, 465, 404
1137.0, 610, 464, 581.0, 464, 404
1128.5, 611, 464, 753.0, 483, 397
1146.0, 610, 464, 616.5, 468, 403
1153.5, 610, 464, 562.0, 464, 404
1135.0, 611, 464, 576.5, 465, 404
1151.5, 610, 464, 587.0, 466, 404
1141.0, 610, 464, 567.0, 466, 404
1124.5, 611, 464, 620.5, 468, 403
1160.0, 610, 464, 563.0, 464, 404
1149.5, 610, 464, 569.5, 465, 404
1126.0, 610, 464, 557.0, 464, 404
1149.0, 610, 464, 550.5, 464, 404
1157.5, 610, 464, 572.0, 466, 404
1142.5, 610, 464, 574.0, 466, 404
1124.5, 611, 465, 563.0, 464, 404
1141.0, 611, 464, 571.5, 466, 404
1139.5, 611, 464, 580.5, 466, 404
1141.5, 610, 464, 575.0, 465, 404
1142.5, 610, 464, 568.5, 465, 404
1133.0, 611, 464, 550.0, 464, 404
1123.5, 611, 464, 555.0, 464, 404
1149.0, 610, 464, 552.5, 464, 404
1149.0, 610, 464, 561.0, 464, 404
1121.5, 611, 464, 567.0, 465, 404
1151.0, 610, 464, 567.5, 465, 404
1115.5, 611, 464, 561.5, 465, 404
1176.0, 610, 464, 598.0, 466, 404
1168.5, 610, 464, 584.5, 464, 404
1171.0, 610, 464, 609.0, 467, 403
1179.5, 610, 464, 561.5, 464, 404
1203.0, 610, 464, 631.0, 468, 403
1188.0, 610, 464, 867.0, 491, 394
1193.0, 610, 464, 603.0, 466, 404
1218.5, 609, 464, 861.0, 489, 395
1209.0, 609, 464, 1065.0, 510, 386
1202.5, 610, 464, 926.5, 494, 393
1176.0, 610, 464, 929.0, 495, 393
1153.5, 610, 465, 598.0, 466, 404
1145.0, 610, 464, 629.0, 468, 403
1166.5, 610, 464, 626.5, 469, 403
1131.5, 611, 464, 676.5, 475, 401
1158.5, 610, 464, 601.0, 466, 403
1120.5, 611, 464, 580.5, 466, 404
1152.5, 610, 464, 561.0, 464, 404
1136.0, 610, 464, 586.5, 466, 404
1173.0, 610, 464, 633.5, 468, 403
1154.0, 610, 464, 619.5, 466, 403
1186.0, 610, 464, 849.0, 493, 393
1149.5, 610, 464, 827.5, 490, 395
1153.5, 610, 464, 605.5, 466, 404
1169.5, 610, 464, 599.5, 466, 403
1117.5, 610, 464, 577.5, 465, 404
1140.0, 610, 464, 561.0, 465, 404
1118.0, 611, 464, 567.5, 465, 404
1160.5, 610, 464, 571.0, 465, 404
1141.5, 611, 464, 579.0, 465, 404
1136.0, 610, 464, 549.0, 464, 404
1139.5, 611, 464, 565.0, 464, 404
1129.0, 610, 464, 542.5, 464, 404
1150.5, 610, 464, 583.5, 466, 404
1165.0, 610, 464, 657.0, 470, 402
1177.0, 610, 464, 614.0, 467, 403
1163.5, 610, 464, 618.0, 466, 403
1190.0, 610, 464, 844.0, 489, 395
1174.0, 610, 464, 619.0, 466, 403
1169.0, 610, 464, 756.5, 480, 399
1174.5, 610, 464, 603.0, 466, 403
1175.0, 610, 464, 614.0, 467, 403
1203.5, 610, 464, 777.0, 484, 397
1146.0, 610, 464, 577.0, 464, 404
1156.0, 610, 464, 590.5, 465, 404
1126.5, 610, 464, 569.5, 465, 404
1130.5, 611, 464, 560.0, 465, 404
1145.5, 611, 464, 577.0, 465, 404
1153.0, 610, 464, 555.0, 463, 404
1157.0, 610, 464, 583.0, 466, 404
1143.0, 611, 464, 552.0, 463, 404
1138.0, 611, 464, 575.0, 465, 404
1149.0, 611, 464, 567.0, 464, 404
1140.5, 611, 464, 538.0, 463, 405
1128.0, 610, 464, 577.5, 465, 404
1115.0, 611, 464, 560.5, 465, 404
1119.0, 610, 464, 550.0, 464, 404
1144.5, 611, 464, 567.5, 465, 404
1155.5, 611, 464, 579.5, 464, 404
1198.0, 610, 464, 757.0, 482, 398
1188.5, 610, 464, 609.0, 466, 403
1115.0, 611, 464, 612.5, 468, 403
1117.5, 611, 464, 585.5, 466, 404
1144.5, 611, 464, 615.0, 467, 403
1148.5, 611, 464, 565.5, 464, 404
1141.5, 611, 464, 556.5, 464, 404
1133.5, 611, 464, 563.0, 464, 404
1122.5, 611, 464, 564.0, 465, 404
1097.5, 611, 464, 579.5, 466, 403
1114.5, 611, 464, 564.0, 465, 404
1087.5, 611, 465, 576.0, 465, 404
1116.0, 610, 464, 558.5, 464, 404
1143.5, 611, 464, 591.5, 465, 404
1191.5, 610, 464, 599.5, 465, 404
1155.0, 610, 464, 586.0, 465, 404
1176.5, 610, 464, 832.5, 487, 396
1171.0, 610, 464, 781.5, 482, 398
1153.0, 610, 464, 854.0, 492, 394
1146.0, 610, 464, 616.0, 467, 403
1166.5, 610, 464, 616.5, 467, 403
1170.5, 610, 464, 590.5, 466, 403
1137.0, 611, 464, 587.5, 465, 404
1162.5, 610, 464, 592.0, 466, 404
1164.5, 610, 464, 597.5, 466, 404
1132.5, 611, 464, 560.0, 464, 404
1151.0, 610, 464, 578.0, 466, 404
1161.0, 610, 464, 589.5, 465, 404
1143.0, 611, 464, 543.5, 463, 404
1147.5, 610, 464, 563.5, 465, 404
1130.0, 611, 464, 562.5, 465, 404
1103.5, 611, 465, 592.0, 465, 404
1136.5, 611, 464, 619.5, 467, 403
1134.5, 611, 464, 607.0, 466, 403
1138.0, 610, 464, 924.5, 501, 389
1162.5, 611, 464, 643.0, 469, 403
1140.5, 611, 464, 580.5, 465, 404
1119.5, 611, 464, 622.0, 469, 403
1158.5, 611, 464, 602.5, 466, 403
1141.0, 610, 464, 569.5, 464, 404
1125.5, 611, 464, 578.5, 464, 404
1132.5, 611, 464, 555.5, 464, 404
1113.0, 611, 464, 556.5, 465, 404
1180.0, 610, 464, 570.5, 465, 404
1141.5, 611, 464, 564.0, 465, 404
1141.0, 611, 464, 539.5, 463, 404
1128.0, 611, 464, 556.0, 465, 404
1134.0, 611, 464, 571.5, 464, 404
1115.5, 611, 465, 589.0, 465, 404
1103.0, 610, 464, 576.5, 465, 404
1083.5, 611, 465, 585.5, 465, 404
1124.0, 611, 465, 581.5, 465, 404
1119.0, 611, 464, 623.0, 469, 403
1152.5, 611, 464, 550.0, 463, 404
1141.0, 611, 464, 573.5, 464, 404
1168.0, 610, 464, 571.5, 465, 404
1140.0, 611, 464, 557.5, 464, 404
1121.0, 611, 464, 575.5, 465, 404
1168.0, 610, 464, 551.5, 464, 404
1133.5, 611, 464, 567.0, 465, 404
1123.0, 610, 464, 548.0, 464, 404
1130.5, 610, 464, 582.5, 466, 403
1155.0, 611, 464, 556.5, 464, 404
1127.0, 611, 465, 564.5, 464, 404
1163.5, 610, 464, 551.0, 464, 404
1154.0, 610, 464, 582.5, 465, 404
1077.0, 610, 464, 567.5, 464, 404
1127.0, 611, 464, 584.0, 465, 404
1122.0, 611, 464, 594.0, 465, 404
1111.5, 611, 464, 557.5, 464, 404
1106.5, 611, 464, 586.5, 465, 404
1120.0, 611, 464, 566.5, 464, 404
1128.0, 611, 464, 573.0, 465, 404
1139.0, 611, 464, 562.0, 465, 404
1127.0, 611, 464, 564.0, 464, 404
1154.5, 611, 464, 565.0, 465, 404
1137.0, 611, 464, 553.0, 464, 404
1134.0, 611, 464, 560.5, 464, 404
1140.5, 611, 464, 565.0, 464, 404
1127.0, 611, 464, 571.0, 464, 404
1155.5, 610, 464, 565.0, 464, 404
1149.0, 610, 464, 551.5, 464, 404
1150.5, 610, 464, 559.5, 464, 404
1137.5, 610, 464, 557.0, 464, 404
1147.5, 610, 464, 730.5, 479, 399
1126.5, 610, 464, 578.5, 464, 404
1125.0, 611, 465, 801.0, 489, 395
1141.5, 611, 464, 570.5, 464, 404
1128.5, 610, 464, 598.5, 464, 404
1135.0, 610, 464, 598.0, 466, 403
1154.0, 610, 464, 587.5, 465, 404
1163.0, 610, 464, 576.5, 465, 404
1155.0, 610, 464, 654.5, 473, 401
1136.5, 611, 464, 797.0, 487, 396
1133.5, 611, 464, 605.5, 466, 404
1136.0, 611, 464, 619.5, 468, 403
1165.0, 610, 464, 611.5, 466, 403
1157.5, 610, 464, 604.0, 465, 404
1197.5, 609, 464, 623.5, 468, 403
1160.5, 610, 464, 604.0, 466, 403
1171.0, 610, 464, 586.5, 464, 404
1153.0, 610, 464, 601.5, 466, 404
1168.0, 610, 464, 762.0, 482, 398
1156.5, 610, 464, 591.0, 466, 404
1163.5, 610, 464, 598.5, 466, 403
1172.0, 610, 464, 629.5, 467, 403
1200.5, 609, 464, 604.0, 466, 404
1177.0, 610, 464, 600.5, 466, 404
1161.0, 610, 464, 614.5, 467, 403
1146.0, 610, 464, 601.5, 466, 403
1129.5, 611, 464, 588.0, 464, 404
1171.5, 610, 464, 590.0, 466, 404
1145.0, 610, 464, 602.0, 466, 403
1155.5, 610, 464, 595.0, 465, 404
1158.0, 610, 464, 593.5, 465, 404
1165.0, 610, 464, 626.0, 468, 403
1174.0, 610, 464, 665.5, 472, 401
1169.0, 610, 464, 776.0, 485, 396
1174.5, 609, 464, 576.5, 464, 404
1188.0, 610, 464, 578.5, 464, 404
1169.5, 610, 464, 603.0, 466, 404
1172.0, 610, 464, 600.5, 465, 404
1183.5, 610, 464, 563.0, 464, 404
1173.5, 610, 464, 588.5, 466, 404
1180.0, 610, 464, 625.5, 467, 403
1177.0, 610, 464, 585.5, 465, 404
1203.5, 609, 464, 595.0, 466, 404
1154.0, 610, 464, 583.0, 465, 404
1176.0, 610, 464, 595.5, 465, 404
1169.5, 610, 464, 617.5, 468, 403
1188.0, 610, 464, 593.0, 465, 404
1187.5, 610, 464, 596.0, 465, 404
1167.5, 610, 464, 605.5, 465, 404
1138.5, 610, 464, 757.0, 481, 398
1143.0, 610, 464, 736.0, 480, 399
1152.5, 610, 464, 609.5, 466, 403
1153.0, 610, 464, 584.5, 464, 404
1143.0, 610, 464, 593.5, 465, 404
1138.5, 611, 464, 887.0, 500, 390
1153.0, 610, 464, 583.5, 464, 404
1148.5, 610, 464, 612.0, 466, 404
1180.0, 610, 464, 588.0, 464, 404
1169.0, 610, 464, 579.5, 464, 404
1161.0, 610, 464, 663.0, 470, 402
1170.5, 610, 464, 611.0, 467, 403
1191.5, 610, 464, 604.5, 465, 404
1167.5, 610, 464, 627.5, 468, 403
1154.0, 610, 464, 803.5, 484, 397
1151.5, 610, 464, 597.0, 466, 404
1155.0, 610, 464, 631.5, 468, 403
1158.0, 610, 464, 594.0, 466, 403
1171.0, 610, 464, 618.0, 466, 403
1172.0, 610, 464, 640.5, 468, 403
1152.5, 610, 464, 680.5, 472, 401
1156.5, 610, 464, 635.0, 467, 403
1173.5, 610, 464, 640.5, 468, 403
1178.0, 610, 464, 597.0, 465, 404
1148.5, 610, 464, 622.0, 466, 403
1175.0, 610, 464, 593.5, 465, 404
1164.5, 610, 464, 583.0, 464, 404
1167.5, 610, 464, 614.0, 466, 403
1165.5, 610, 464, 677.0, 472, 401
1155.5, 610, 464, 599.0, 465, 404
1157.5, 610, 464, 608.5, 466, 403
1159.5, 610, 464, 579.0, 464, 404
1181.5, 610, 464, 601.0, 465, 404
1178.5, 610, 464, 588.5, 465, 404
1175.0, 610, 464, 637.5, 467, 403
1171.5, 610, 464, 649.0, 468, 403
1142.0, 610, 464, 622.0, 466, 403
1166.5, 610, 464, 879.0, 494, 393
1165.5, 610, 464, 618.0, 466, 403
1166.0, 610, 464, 571.0, 464, 404
1164.0, 610, 464, 629.5, 468, 403
1153.5, 610, 464, 582.0, 464, 404
1141.0, 610, 464, 603.5, 465, 404
1152.0, 610, 464, 805.5, 488, 395
1146.0, 610, 464, 784.5, 482, 398
1173.5, 610, 464, 689.5, 474, 401
1152.5, 610, 464, 587.0, 465, 404
1194.0, 610, 464, 623.0, 466, 403
1179.0, 610, 464, 599.0, 465, 404
1162.5, 610, 464, 795.5, 486, 396
1179.0, 610, 464, 607.0, 465, 404
1195.0, 610, 464, 590.5, 466, 403
1174.5, 610, 464, 601.5, 465, 404
1180.0, 610, 464, 622.5, 468, 403
1158.0, 610, 464, 736.0, 480, 398
1168.5, 610, 464, 627.5, 467, 403
1135.5, 610, 464, 613.5, 466, 403
1146.0, 610, 464, 775.0, 486, 396
1152.5, 610, 464, 747.0, 480, 398
1161.5, 610, 464, 601.5, 465, 404
1190.5, 610, 464, 622.5, 466, 403
1174.5, 610, 464, 600.0, 466, 403
1158.5, 610, 464, 598.5, 465, 404
1132.5, 610, 464, 599.5, 465, 404
1163.0, 610, 464, 595.5, 465, 404
1148.0, 610, 464, 606.5, 467, 403
1192.0, 610, 464, 597.0, 465, 404
1158.0, 610, 464, 635.5, 467, 403
1159.5, 610, 464, 623.5, 468, 403
1147.5, 610, 464, 598.5, 465, 404
1162.0, 610, 464, 590.5, 464, 404
1153.0, 610, 464, 910.0, 496, 392
1126.5, 610, 464, 874.0, 492, 393
1140.0, 610, 464, 611.5, 465, 404
1133.5, 610, 464, 606.0, 465, 404
1182.0, 610, 464, 654.0, 469, 403
1165.5, 610, 464, 659.5, 469, 402
1136.5, 610, 464, 847.5, 487, 396
1128.0, 610, 464, 835.0, 491, 394
1111.0, 610, 464, 964.5, 504, 388
1140.5, 610, 464, 775.5, 481, 398
1175.5, 610, 464, 593.0, 465, 404
1155.0, 610, 464, 657.0, 471, 402
1138.5, 610, 464, 605.5, 467, 403
1194.5, 610, 464, 610.0, 466, 403
1170.0, 610, 464, 603.0, 465, 404
1169.0, 610, 464, 592.0, 465, 404
1158.5, 610, 464, 639.5, 468, 403
1153.5, 610, 464, 923.5, 501, 389
1158.0, 610, 464, 753.5, 482, 398
1161.0, 610, 464, 845.0, 489, 395
1181.0, 610, 464, 583.5, 464, 404
1165.0, 610, 464, 643.0, 469, 402
1153.5, 610, 464, 627.5, 467, 403
1164.5, 610, 464, 633.5, 468, 403
1184.0, 610, 464, 804.5, 484, 397
1143.0, 610, 464, 599.5, 464, 404
1158.5, 610, 464, 640.0, 468, 403
1150.0, 610, 464, 654.0, 468, 403
1158.5, 610, 464, 817.5, 486, 396
1156.5, 610, 464, 607.0, 465, 404
1154.5, 610, 464, 613.5, 465, 404
1163.5, 610, 464, 573.0, 463, 404
1180.5, 610, 464, 602.0, 465, 404
1152.5, 610, 464, 599.5, 465, 404
1133.5, 610, 464, 628.0, 467, 403
1134.0, 610, 464, 645.5, 469, 402
1140.0, 610, 464, 595.0, 464, 404
1142.0, 610, 464, 964.5, 508, 387
1145.0, 610, 464, 616.5, 466, 403
1142.0, 610, 464, 623.0, 466, 403
1159.0, 610, 464, 588.5, 465, 404
1197.0, 609, 464, 583.0, 465, 404
1156.0, 610, 464, 640.5, 469, 403
1166.5, 610, 464, 621.0, 467, 403
1155.0, 610, 464, 609.5, 466, 403
1129.0, 610, 464, 753.5, 481, 398
1149.0, 610, 464, 605.5, 465, 404
1146.5, 610, 464, 654.0, 469, 402
1117.0, 611, 464, 668.5, 471, 402
1150.0, 610, 464, 845.5, 492, 394
1143.5, 610, 464, 617.5, 467, 403
1102.0, 610, 464, 605.5, 466, 403
1127.0, 611, 464, 730.0, 478, 399
1146.0, 610, 464, 619.0, 466, 403
1108.0, 611, 464, 613.5, 466, 403
1123.0, 611, 464, 658.5, 469, 402
1147.0, 610, 464, 766.5, 485, 396
1133.5, 610, 465, 827.5, 488, 395
1136.5, 611, 464, 603.5, 465, 404
1129.5, 611, 464, 860.5, 491, 394
1144.0, 610, 464, 644.0, 468, 403
1149.5, 610, 464, 863.0, 490, 394
1146.0, 610, 464, 609.5, 465, 404
1124.5, 610, 464, 941.5, 507, 387
1180.0, 610, 464, 682.5, 471, 402
1155.5, 610, 464, 825.0, 490, 394
1081.0, 611, 464, 765.5, 481, 398
1105.0, 610, 464, 610.5, 466, 403
1145.0, 610, 464, 803.5, 486, 396
1146.0, 610, 464, 955.5, 507, 387
1118.0, 611, 464, 616.5, 465, 403
1122.5, 611, 464, 658.5, 469, 402
1087.5, 611, 464, 608.0, 465, 404
1056.0, 610, 465, 604.0, 465, 404
1085.0, 611, 464, 974.0, 505, 388
1105.5, 611, 464, 634.5, 468, 403
1120.5, 611, 464, 625.5, 466, 403
1113.0, 611, 464, 846.5, 491, 394
1132.0, 611, 464, 604.5, 465, 404
1115.0, 610, 464, 603.0, 465, 404
1133.0, 611, 464, 853.5, 490, 394
1131.5, 611, 464, 636.0, 468, 403
1165.5, 610, 464, 605.0, 466, 403
1163.5, 610, 464, 607.0, 465, 403
1159.5, 610, 464, 616.0, 466, 403
1170.5, 610, 464, 633.5, 467, 403
1177.5, 610, 464, 644.5, 469, 402
1184.5, 610, 464, 590.0, 465, 404
1114.5, 611, 464, 623.0, 466, 403
1108.0, 611, 464, 604.0, 465, 404
1124.0, 611, 464, 867.0, 493, 393
1113.0, 611, 464, 608.5, 465, 404
1135.0, 611, 464, 591.5, 465, 404
1137.0, 611, 464, 824.0, 486, 396
1141.5, 610, 464, 631.5, 467, 403
1140.5, 610, 464, 852.0, 488, 395
1144.5, 610, 464, 879.0, 491, 394
1160.0, 610, 464, 602.5, 465, 404
1167.0, 610, 464, 849.5, 490, 394
1163.5, 610, 464, 655.0, 470, 402
1123.0, 611, 464, 799.5, 485, 396
1063.0, 611, 464, 868.5, 492, 394
1070.0, 611, 465, 612.0, 466, 403
1139.0, 610, 464, 826.0, 487, 395
1153.0, 610, 464, 665.5, 469, 402
1076.0, 611, 465, 859.5, 488, 395
1099.0, 611, 464, 641.5, 467, 403
1099.5, 611, 464, 990.0, 507, 387
1097.5, 611, 464, 814.5, 487, 395
1108.0, 610, 464, 602.5, 464, 404
1092.0, 610, 464, 602.5, 464, 404
1160.5, 610, 464, 603.5, 465, 404
1144.0, 610, 464, 589.5, 464, 404
1132.5, 610, 464, 636.0, 468, 403
1149.5, 610, 464, 625.0, 466, 403
1148.5, 610, 464, 597.5, 464, 404
1181.0, 610, 464, 606.0, 465, 403
1134.0, 610, 464, 815.0, 488, 395
1166.0, 610, 464, 602.5, 465, 404
1160.0, 610, 464, 639.0, 468, 403
1191.0, 610, 464, 627.5, 466, 403
1144.5, 610, 464, 639.0, 468, 403
1084.5, 610, 464, 795.5, 486, 396
1100.0, 610, 464, 609.0, 465, 403
1110.0, 611, 464, 859.5, 490, 394
1134.5, 610, 464, 588.5, 464, 404
1160.0, 610, 464, 783.0, 482, 398
1126.0, 611, 464, 639.0, 467, 403
1162.5, 610, 464, 627.5, 468, 403
1140.0, 610, 464, 611.0, 466, 403
1154.0, 610, 464, 878.0, 490, 394
1133.0, 610, 464, 621.5, 465, 403
1154.0, 610, 464, 625.0, 465, 404
1174.0, 610, 464, 741.0, 479, 399
1158.5, 610, 464, 767.0, 484, 397
1156.0, 610, 464, 582.5, 464, 404
1137.0, 610, 464, 784.5, 482, 398
1151.0, 610, 464, 634.5, 467, 403
1170.5, 610, 464, 691.0, 472, 401
1139.5, 610, 464, 857.5, 490, 394
1139.5, 610, 464, 616.5, 465, 404
1151.5, 610, 464, 591.0, 464, 404
1138.5, 610, 464, 796.0, 485, 397
1145.5, 610, 464, 825.0, 488, 395
1133.5, 610, 464, 616.0, 465, 404
1162.5, 610, 464, 791.5, 484, 397
1140.0, 610, 464, 843.0, 488, 395
1174.5, 610, 464, 639.0, 467, 403
1161.0, 610, 464, 858.0, 490, 395
1144.5, 611, 464, 601.5, 464, 404
1114.5, 611, 464, 857.0, 491, 394
1110.0, 611, 464, 873.0, 491, 394
1124.5, 610, 464, 665.5, 469, 402
1144.0, 611, 464, 856.0, 490, 394
1163.0, 610, 464, 611.0, 465, 404
1163.5, 610, 464, 858.5, 489, 395
1139.5, 610, 464, 876.0, 491, 394
1145.5, 610, 464, 649.0, 468, 403
1167.5, 610, 464, 628.0, 466, 403
1131.0, 611, 464, 638.0, 467, 403
1157.0, 610, 464, 642.0, 467, 403
1143.0, 610, 464, 618.5, 465, 404
1159.5, 610, 464, 797.0, 484, 397
1134.5, 610, 464, 861.5, 489, 395
1149.5, 610, 464, 839.0, 488, 395
1121.5, 610, 464, 899.0, 493, 393
1173.5, 610, 464, 821.5, 488, 395
1167.0, 610, 464, 607.0, 465, 404
1162.5, 610, 464, 626.5, 468, 403
1152.5, 610, 464, 599.5, 464, 404
1182.5, 610, 464, 648.0, 469, 402
1158.0, 610, 464, 619.5, 467, 403
1163.0, 610, 464, 770.0, 483, 397
1114.5, 610, 464, 611.5, 466, 403
1146.5, 610, 464, 660.5, 471, 402
1154.5, 610, 464, 843.0, 489, 395
1129.0, 611, 464, 660.0, 468, 403
1154.5, 610, 464, 646.5, 467, 403
1148.5, 610, 464, 644.5, 468, 403
1141.5, 610, 464, 615.5, 465, 403
1149.0, 610, 464, 652.5, 469, 402
1150.0, 610, 464, 613.0, 466, 403
1134.5, 611, 464, 648.5, 467, 403
1149.0, 610, 464, 775.0, 480, 398
1140.0, 610, 464, 873.0, 490, 394
1172.5, 610, 464, 854.0, 488, 395
1163.0, 610, 464, 625.5, 466, 403
1165.5, 610, 464, 619.5, 466, 403
1164.5, 610, 464, 1021.0, 510, 385
1159.0, 610, 464, 871.5, 492, 394
1166.0, 610, 464, 623.0, 466, 403
1153.5, 610, 464, 877.0, 492, 394
1156.0, 611, 464, 883.0, 493, 393
1150.0, 611, 464, 977.0, 503, 389
1144.5, 610, 464, 853.5, 489, 395
1140.0, 611, 464, 625.5, 467, 403
1147.0, 611, 464, 623.0, 466, 403
1138.0, 611, 464, 631.5, 466, 403
1158.0, 610, 464, 636.0, 467, 403
1160.0, 610, 464, 859.0, 491, 394
1165.0, 610, 464, 841.0, 486, 396
1172.5, 610, 464, 925.5, 495, 392
1154.0, 610, 464, 616.0, 465, 404
1170.5, 610, 464, 1079.0, 512, 385
1164.0, 610, 464, 760.5, 479, 399
1157.5, 610, 464, 641.5, 466, 403
1166.5, 610, 464, 699.0, 471, 401
1151.5, 610, 464, 631.5, 466, 403
1152.5, 611, 464, 890.5, 491, 394
1153.0, 611, 464, 879.0, 491, 394
1131.5, 611, 464, 634.5, 466, 403
1158.5, 611, 464, 659.5, 469, 402
1169.5, 610, 464, 1054.0, 510, 386
1175.5, 610, 464, 858.5, 488, 395
1180.0, 610, 464, 629.5, 465, 403
1161.5, 611, 464, 625.5, 466, 403
1169.0, 610, 464, 836.0, 488, 395
1169.5, 610, 464, 823.0, 487, 395
1160.0, 610, 464, 647.0, 468, 403
1149.5, 610, 464, 618.5, 465, 404
1172.0, 610, 464, 623.5, 466, 403
1175.5, 610, 464, 1025.5, 509, 386
1157.5, 610, 464, 580.0, 463, 404
1165.0, 610, 464, 868.0, 491, 394
1140.5, 611, 464, 832.5, 488, 395
1168.5, 610, 464, 786.0, 484, 397
1164.5, 610, 464, 836.0, 487, 395
1159.5, 610, 464, 610.0, 466, 403
1180.0, 610, 464, 830.5, 489, 395
1171.5, 610, 464, 617.0, 466, 403
1155.5, 611, 464, 606.5, 464, 404
1159.0, 610, 464, 801.5, 483, 397
1174.5, 610, 464, 865.0, 490, 394
1146.5, 611, 464, 944.0, 501, 389
1180.0, 610, 464, 851.0, 489, 395
1184.0, 610, 464, 625.5, 465, 403
1168.0, 610, 464, 635.0, 467, 403
1109.5, 611, 464, 819.5, 486, 396
1138.0, 611, 464, 663.5, 469, 402
1136.0, 611, 464, 654.5, 469, 402
1143.5, 611, 464, 654.5, 468, 402
1121.0, 611, 464, 625.5, 466, 403
1169.0, 610, 464, 878.0, 492, 393
1183.5, 610, 464, 1001.5, 506, 387
1144.0, 611, 464, 675.5, 469, 402
1155.5, 611, 464, 612.5, 464, 404
1125.5, 611, 464, 1038.0, 509, 386
1156.0, 611, 464, 907.5, 493, 393
1178.0, 610, 464, 980.0, 504, 388
1167.0, 610, 464, 829.5, 484, 397
1149.0, 610, 464, 995.0, 508, 386
1162.0, 610, 464, 870.5, 490, 394
1148.5, 610, 464, 612.5, 465, 403
1175.0, 610, 464, 655.0, 469, 402
1168.0, 610, 464, 595.5, 465, 404
1181.5, 610, 464, 611.0, 465, 403
1182.5, 610, 464, 653.0, 468, 402
1173.5, 610, 464, 997.5, 507, 387
1174.0, 610, 464, 1049.5, 511, 385
1175.5, 610, 464, 648.0, 468, 402
1188.0, 610, 464, 1059.0, 512, 385
1177.5, 610, 464, 995.0, 504, 388
1173.5, 610, 464, 624.0, 466, 403
1174.5, 610, 464, 683.5, 470, 402
1161.0, 610, 464, 617.0, 466, 403
1164.0, 610, 464, 612.0, 466, 403
1170.5, 610, 464, 636.0, 468, 403
1155.5, 611, 464, 824.5, 488, 395
1153.5, 610, 464, 810.0, 484, 396
1137.0, 610, 464, 844.5, 488, 395
1140.5, 611, 464, 800.5, 484, 397
1131.0, 611, 464, 800.0, 482, 397
1169.0, 610, 464, 794.0, 484, 397
1179.0, 610, 464, 618.0, 465, 404
1222.0, 609, 464, 610.5, 464, 404
1200.0, 610, 464, 649.0, 468, 403
1211.0, 610, 464, 834.5, 486, 396
1193.0, 610, 464, 612.0, 465, 403
1181.0, 610, 464, 603.0, 464, 404
1176.0, 610, 464, 630.5, 465, 403
1180.0, 610, 464, 619.5, 465, 403
1176.0, 610, 464, 839.5, 488, 395
1194.0, 610, 464, 622.0, 466, 403
1176.0, 610, 464, 628.0, 465, 403
1158.5, 610, 464, 782.0, 484, 396
1182.5, 610, 464, 661.0, 469, 402
1146.0, 610, 464, 863.0, 492, 393
1187.5, 610, 464, 641.0, 468, 403
1181.0, 610, 464, 664.5, 469, 402
1167.5, 610, 464, 631.5, 466, 403
1134.0, 610, 464, 842.5, 489, 395
1188.5, 610, 464, 870.0, 489, 395
1196.0, 610, 464, 843.0, 489, 394
1183.0, 610, 464, 630.0, 467, 403
1205.0, 610, 464, 622.0, 466, 403
1185.5, 610, 464, 986.5, 505, 388
1195.0, 610, 464, 635.5, 466, 403
1177.0, 610, 464, 620.0, 465, 403
1173.5, 610, 464, 639.5, 466, 403
1160.0, 611, 464, 622.0, 466, 403
1180.0, 610, 464, 811.0, 482, 397
1156.5, 610, 464, 1088.0, 513, 384
1185.5, 610, 464, 851.0, 489, 395
1154.5, 610, 464, 664.5, 469, 402
1127.5, 611, 464, 648.0, 467, 403
1173.5, 610, 464, 839.0, 488, 395
1191.0, 610, 464, 612.5, 465, 403
1163.5, 610, 464, 654.0, 468, 402
1119.0, 610, 464, 863.5, 492, 394
1118.0, 611, 464, 662.5, 469, 402
1104.5, 610, 464, 1014.0, 507, 387
1138.5, 611, 464, 862.5, 490, 394
1130.5, 610, 464, 668.5, 469, 402
1134.0, 611, 464, 671.0, 469, 402
1158.0, 610, 464, 999.5, 505, 388
1154.0, 611, 464, 823.0, 483, 397
1162.0, 610, 464, 639.0, 467, 403
1180.0, 610, 464, 611.0, 465, 404
1167.0, 610, 464, 744.5, 477, 399
1176.0, 610, 464, 664.0, 468, 402
1184.5, 610, 464, 644.5, 467, 403
1184.0, 610, 464, 782.0, 482, 398
1192.5, 610, 464, 672.0, 468, 402
1176.5, 610, 464, 690.5, 471, 401
1167.5, 610, 464, 778.5, 482, 398
1201.0, 610, 464, 1061.0, 511, 385
1103.0, 611, 464, 684.5, 469, 402
1100.0, 611, 464, 811.5, 484, 397
1144.0, 610, 464, 807.0, 484, 397
1105.0, 611, 464, 742.0, 478, 399
1071.5, 611, 464, 600.5, 464, 404
1111.0, 611, 464, 810.5, 487, 396
1053.0, 611, 464, 622.0, 466, 403
1064.5, 611, 464, 818.5, 487, 395
1103.0, 611, 464, 614.5, 466, 403
1013.0, 610, 464, 621.0, 467, 403
1029.5, 611, 464, 648.0, 468, 403
1092.5, 612, 464, 752.0, 480, 398
1111.5, 611, 464, 845.5, 490, 394
1030.5, 611, 465, 947.5, 503, 388
1082.5, 612, 464, 633.0, 467, 403
1138.0, 611, 464, 610.5, 465, 404
1140.5, 610, 464, 622.5, 465, 404
1103.5, 610, 464, 663.0, 469, 402
1192.0, 610, 464, 812.0, 484, 396
1164.0, 610, 464, 624.5, 465, 403
1171.5, 610, 464, 639.5, 467, 403
1156.0, 610, 464, 609.0, 465, 404
1179.5, 610, 464, 615.5, 465, 403
1185.0, 610, 464, 630.5, 467, 403
1172.5, 610, 464, 763.0, 481, 398
1186.5, 610, 464, 1056.5, 512, 385
1192.0, 610, 464, 903.5, 490, 394
1113.0, 610, 464, 824.5, 484, 397
1092.5, 610, 464, 682.0, 470, 402
1114.0, 611, 464, 623.0, 465, 403
1129.5, 611, 464, 679.5, 471, 401
1113.0, 611, 464, 668.5, 469, 402
1111.0, 611, 464, 627.5, 467, 403
1170.5, 610, 464, 607.0, 465, 403
1147.0, 611, 464, 606.5, 465, 404
1130.5, 611, 464, 607.5, 465, 403
1188.0, 610, 464, 656.5, 468, 403
1190.5, 610, 464, 624.0, 466, 403
1175.0, 610, 464, 636.0, 467, 403
1189.5, 610, 464, 833.5, 486, 396
1177.5, 610, 464, 1007.0, 507, 387
1198.5, 610, 464, 633.5, 466, 403
1191.5, 610, 464, 794.5, 482, 397
1188.5, 610, 464, 651.0, 468, 403
1164.0, 610, 464, 614.0, 465, 404
1186.5, 610, 464, 618.0, 465, 403
1199.0, 610, 464, 604.5, 464, 404
1199.5, 610, 464, 854.0, 489, 395
1134.5, 611, 464, 617.5, 464, 404
1127.5, 611, 464, 607.0, 465, 404
1139.0, 611, 464, 634.0, 466, 403
1181.5, 610, 464, 601.5, 464, 404
1176.0, 610, 464, 653.5, 468, 403
1187.5, 610, 464, 609.0, 465, 403
1171.5, 610, 464, 783.5, 482, 397
